0,1,2,3,4,
5,6,7,8,9,10
3,11,12,13,14
3,4,11,15,16,17,18,19,20
2,11,16,21,22,23
24,
2,25,26,27,28
15,26,29,30,31,32,33,34
33,35,36,37
0,16,18,32,38,39,40
33,37,41,42
26,40,43,44
26,44,45
43,46
18,40,43,44
45
28,32,44,45,47
44,45,48,49,50
44,45,49
10,44,45
24,26,34,51,52,53,54,55,56,57
58,59,60
35,45,61,62,63
44,45,64
65
2,3,26,32,33,66,67,68
26,45,69,70
9,26,71,72
44,64,73
45,74,75
26,32,33,34,58,76
26,73,76,77,78,79
2,10,26,29,76
45,80,81,82
82,
82
26,51,54,83,84,85,86,87
26,88,89,90,91
2,20,26,29,34,36,49,73,81,89,92,93
26,34,69,70,94,95,96,
26,33,48,66,81,92,93,97,98,99
26,34,48,52,53,71,84,97,100,101,
26,28,35,102
51,54,103
34,51,54,68,83,94,103,104,105,106
45,107
29,36,45,49,108
44
26,56,72,92,94,95,99,109,110,111
68
2,26,33,58,112,113
4,45,114
68
29
24,45,66,92,115,116
2,32,44,76
2,27,34,51,92,103,117,118,119,120
2,33,34,35,38,70,86,92,96,121,122
2,26,29,38,56,70,99,123,124
44,45,78,86,93,111
2,20,26,39,124,125
2,26,70,91,126,127
45
47,81
44,84,87,97,128
2,26,33,34,58,72
2,4,24,31,72,76,96,102,129
2,33,34,38,48,51,61,80,92,121,130,131,132
15,24,34,38,51,68,92,112,133,134,135
9,89,92,116,136,137
2,24,26,33,49,96,126
2,26,123,138
62,92,99
68
1,2,26,31,34,35,38,44,51,54,57,70,80,81,84,92,102,108,122,126,133,139
2,24,26,34,53,54,55,83,84,96,103,116,123,140,141,142
96,
2,26,34,51,54,83,84,85,100,141,142
35,66,80,92,108
2,26,34,51,55,84,85,91,96,100,108,128
44,45,68,69
33,44,45,
35,44,45,66,123
26,45,58,60,110,112,143,144,
26,27,29,47,49,57,110,
0,45,73,123,143,145
45,76,104,121
26,33,34,69,92,125
26,29,34,70,76,86,121,135
92
26,30,32,92,138
45,146,147
26,86,92,131,148
2,3,12,26,29,33,35,61,76,149
26,31,50,102
4,26,34,51,56,78,84,103,150
24,29,34,41,96,99,138,151
9,61,99
26,91,94,111,112,125
12,51,54,119,140,152
2,26,31,79,97,151
1,23,112,116,131
24,29,30,45,56,58,97,98,99,111,153
2,34,51,52,53,54,62,81,83,84,96,108,125,139
3,26,29,34,58,79,108
26,29,35,73,92,154
15,52,54,60,79,84,85,92,97,103,129
38,44,45,155
26,27,29,34,66,68,79,143,156,157
68
28,44,45,76
29,35,44,45,108,158
70,76,113,145
12,22,34,38,51,52,55,83,84,85,86,92,99,117,118,128,142
24,26,51,52,96,106
24,33,34,81,92,94,96,102,111,120,125,159,160
68
44,45,49
2,15,61,92,151
93
68
24,45
2,23,24,31,33,34,76,92,135,151,161,162
26,32,34,35,93,97,125,163
34,51,70,84,85,86,92,108,118,128
2
2,34,83,97,134,142,151
45,164
51,80,127,165
92
1,2,10,26,33,34,48,58,84,86,108,127,166,167,168
26,29,32,34,58,91,92,169
45,114
92
44,45,61,76,95
45
2,34,51,86
45
113
44,45,76,91,121
26,34,53,97,103,110,113,128
17,24,34,35,80,86,92,165
92
2
45,48
26,47,91
44,45,76,91,170
30,31,44,45,112
26,111
4,26,33,76,121
2,26,32,33,68,79,151,171,
10,26,47,111,166
26,32,33,34,138
44,45,144,172
2,24,32,34,66,102,173
26,57,58,102,108
44,45,76
2,3,20,26,96,108,121,134,146
3,26,33,39,124
155
2,99,102,122,131
2,3,26,33,34,41,92,102,112,125,145,174
29,32,102,161,175
29,33,93,163,176
44,45,64
32,33,34,63,96,177
9,26,73,111
52,61,86,102,103,135,151,178
26,86,111,121,168
26,63,76
16,23,31,34,66,73,76,155,166
49,94,179
24,26,34,35,57,70,80,99,110,177,180
28,44,45,76,134
26,70,73,92,153
26,29,61,63,78,92
33,64,72,92
26,68
14,20,26,33,34,92,116,125,177,181,
4,14,33,34,56,58,92,111
26,34,90,91,92,96,102,121
29,34,52,54,79,116
24,31,41,96,108,122
2,26,38,90,91,121
24,31,41,96,108,122
14,26,73,86,135
31,72,79,80,96,120,154,166,182,
1,2,23,26,94,173,183,184,
2,37,96,97
3,28,54,64,76,83,117,122,177
24,34,63,92
3,26,34,92,98,124,173
20,26,35,38,55,77,111,125,133,135,177,185
24,26,29,45,49,90,113
44,45,49,126
33,34,58,73,83,91,92,108,126
26,123,126
45,55,70,104,163,177
23,26,69,79,91,108,154,186
2,26,27,35,58,63,174
20,26,27,33,34,61,68,73,79,135
25,26,29,92,163,187
2,26,27,35,58,63,174
2,4,26,29,31,34,45,48,53,55,84,100,113,152,177
44,45,58
26,45,47,64,69,91,188
45,189,
45,74,114,190
2,26,34,61,79,95
44,45,66
31,45,66
29,35,68,76
45
45,190
2,23,24,26,27,28,48,70,79,80,162,191
25,44,45,76
44,45,192
44,45,73,193
26,33,69,76
23,24,26,45,
33,126
45,190
26,49,73
2,68
45,75
26,33,34,73,92,155
9,26,80,176
26,72,153,194
2,26,45,57,61,73,76,102,125
10,26,47,58,67,108,110,135,163
26,38,59,195
9,26,33,70,108
15,26,33,79,133,172,175
23,44,45
35,45,68,76,137
23,44,45
2,44,45,196
29,31,54,84,92,140,141,184
0,2,33,38,45,76,79,92,108,121
3,32,58,111
26,34,52,53,68,70,73,83,84,96,108,141,151,177,197
25,26,68,69,70,92,96,176
2,26,34,55,86,87,103,152,177,198
61,92,97
45,199
2,34,56,91,92,152,159,165,177,185
24,92
26,55,83,84,117,177
23,26,86,120,200
0
44,45,62
104
0,3,26,33,34,35,92,96,131,161,176
19,20,26,33,34,73,104,121,125,154
33,45
44
79,
4,26,33,47,49,58,81,91,113,201
2,31,126,145,158,196
4,24,26,53,84,96,103,177,185,202,
2,4,26,177
36,44,45
44,45,111
2,24,34,52,55,86,92,96,97,117,118
25,26,28,48,57,61
24,26,30,92,121
3,26,73,80,110,153
16,26,34,48,73,92,108,125
2,26,28,33,34,41,72,91,92,96
34,96,
2,26,28,33,34,41,72,91,92,96
2,24,34,52,55,86,92,96,97,117,118
2,26,28,33,34,41,72,91,92,96,
1,34,38,63,76,92,97,113
2
44,45,203
1,27,57,61,73,78,86,93,99
26,27,34,62,73,96,116,131,204
44,45
2,24,34,57,77,96,112,122,123,148,165
24,112,125,177,205,
32,34,45,47,58,70,176
26,35,76,91,126
32,34,45,47,58,68,70,176
31,44,45
26,29,32,33,45
44,45,61,192
12,23,33,34,79,102,
44,45,151
45,114,206
32,34,35,68,96,121,173,
26
26
26,96
23,26,27,33,70,92,207
44,45,49,73,123
207
19,26,58,76,86,110,
37,78,91,104,125,127
2,26,29,81,95,111
33,44,45,
26,81,108,125,151,195,208
44,45,64
2,26,29,33,34,38,41,63,66,70,92,121,135,151,157,208,209
26,29,31,45,79,86
45,114,190
44,45,64,188
44,45,47,210
29,76,92,104,125
44,45
26,33,49,76
26,29,30,69,79,91
44
26,34,52,53,84,94,103,112,126,177
4,45,95
25,26,28,57,94,95,96,110,
24,26,33,34,58,82,83,84,125
24,66,72
26,31,32,34,35,45,63,79,92,96,99,110,111,211
24
2
24,27,45,54,83,85,116,212
33,77,96,197,208
2
45,76,114
2
45,65
2,4,33,37,79,120
44,45,160
33,72,79,91,126
19,20,26,31,32,34,38,58,92,125,162
20,23,26,45,154,213
79
26,29,45,81,91,124
27,44,45,82
79
45,114
44,45,214
2,26,34,45,55,70,84,128,176,177,201
15,26,47,76,92,111,208
2,4,19,31,76,113,197
1,2,23,33,91,92,137
84,87,97
20,26,34,64,94,96,124,135,174
24,26,29,125
2
26,86,92,94,108,111,133,135,209,214,215,
26,37,95,113
19,28,45,47,95
33,44,45
44,45,121
26,32,58,92,
26,45,58,72,98
4,26,34,146,216
26,29,34,163
25,44,45,47,64
2,24,26,33,34,35,57,63,83,101,108,125,134
44,45,91,216
25,26,76
45,75
23,45
26,73,79,97,121
25,44,45
45,
25,26,76
2,24,26,33,34,35,57,63,83,101,108,125,134
32,34,38,126,143
45
2,24,26,32,58,70,94,124,147,176
0,16,26,29,34,68,92,96,112,116,166
168
29,44,45,61,102
167,
4,44,45,95
26,34,73,143,151,187
2,24,26,58,115,151
44
26,71,99,121
29
0,24,26,83,97,128
34,92,100,103,116,141,177
52,68,116,152,185
86,92,112,133
45,145
1,2,31,79,92,98,109,120,135,177,217,218
79
3,10,15,32,34,96,103,120,135,145,197,201,213
38,92,133,161,219
0,2,24,27,33,34,57,89,94,99,102
2,3,33,34,113,177
2,34,92,96,99,126,137,151,177
34,58,61,92,102,135,165
2,9,24,26,34,38,58,96,177,196
135
32,34,53,84,92,103,177
44,203
2,26,34,70,91,97,187,196,207,220
24,26,27,28,34,76,96,134
24,26,35,79,94,125,150,151,177,220
34,92,133,151,195
9,24,73,79,92,126
2,56,79,108,116
2,22,26,34,57,84,87,112,177
24,34,126,162
33,34,68,79,
26,34,38,73,96,103,126,153
2,26,34,70,72,116,202
34,58,96,122,174,221
2,26,33,34,37,58,96,216
45
2,26,33,34,92,95,108,110,120,154
2,26,28,45,61,76,126
2,26,64,72,96,112,123
24,26,35,58,68,77,96
68
14,26,80,92,146
26,34,38,68,86,96,97,151,209
2
174
15,24,126,177
44,45,109
26,61,79,211
45,47,95,207
19,44,45,64,69,188
31,44,45,207
26,33,47
30,98,102,110,126,171
26,31,61,113,122
34
45
14,26,45,68,73,95
2
26,58,66,70
25,44,45,207
45,114
45,114,211
26,27,29,38,60,92,112
9,45,145,172
20,26,33,86
24,26,33
26,99,216
26,97,103,140
45,108
14,27,31,33,41,49,57,67,68,87,94,97,120,121
8,34,68,76,86,99,112,126,143,151,195,215
14,27,31,33,41,49,57,67,68,87,94,97,120,121
44,45,76,114
26,34,53,54,112,152,177,185,222
44,45,76
45,114
26,33,34,56,57,102,104,108,122,135,150,161,209,218
58,61,91,145
45
0,4,24,33,34,70,92,94,102,143,222
34,53,80,92,94,97,103,140,223
2,26,33,34,84,92,97,105,156
26,45,70,83,84,85,92,99,128,177,198
45
2,26,27,76,91,108,187
92,
23,32,34,58,92
96
4,26,33,38,70,92,97,
26,45,84,125,128,177
44,45,214
26,32,35,81,91,192
28,44,45,86
44,45,75
38,45,56,80,81,99,125,161,224
44,45,49
23,44,45,86
26,31,68,70,102,110,131
26,34,68,70,76,90,96,218
15,86,92,188,208
44,45,214
26,37,99,177,192
30,32,34,58,79,92,94,113
2,24,26,64,126,153,176
24,26,78,92,124,211
28,34,64,78,94,96,108
30,32,34,58,79,92,94,96,113
26,33,91,92,96,126,133
27,34,52,81,85,96,103,104,177
45
1,33,37,92,94,112,113
26,28,33,34,38,73,81,92,96,104,129,211
34
26,34,56,91,110,144,146,207
26,76,91
26,33
26,125,177,207
44,45,116
44,45,76,82,91,130,207,225
2,34,38,44,45,58,99,213
26,34,58,76,96,134,208
45
32,34,79,99,109,161
45,199
34,45,61,76,92,99,102,163,195
45,114
2,4,23,24,26,34,44,45,53,81,92,94,116,152,172
8,83,97,100,103,118,119
31,92,126,133,174
24,29,31,34,58,86,98
34,91,92,97,112,165,
2,10,26,34,58,61,64,77,94,97,112,127,135,161
37,86,89,94,96,145,153,208
3,54,83,84,86,103,105,108,126,142,144,177,218
24,26,84,87,92,96,125,140,177
2,34,38,52,55,70,83,84,92,105,112,126,151,177
0,32,33,34,92,102,218
31,44,45
0,2
33,44,45
92
32,91,92,96,111,153,160,167,
2
45
92
45,151
33,34,58,92,161,165,174,176,226
2,15,31,34,47,61,96,125,159,176,209
26,34,52,55,84,92,100,174,176,177
19,45,86
23,28,35,36,45,56,
45
22,26,34,57,84,87,92,112,177
45,91,227
26,33,38,96
26,125,146,219
33,44,45,77,91,108
72,76,96,129
2,26,52,85,97,103
0,24,26,70,73,83,97,103,105
2
26,34,49,72,116,117,202
96
2,23,26,34,49,92,96,120
26,71
24,33,82,96,208
45
45,154,190
37,45,69
44,45,214
45,99
26,35,45,68,76
26,29,31,45,68,69,125
14,45,95,224
26,61,76,83,97,103,140,211
31,44,45
24,26,29,64,72
2,26,28,31,34,113
63,71,159
45,107,164,190
2,12,70,149,198
29,32,45,56,143
208
45,107
45,107
45,107
44,45,72
45,82,91,120,146
74
26,31,32,34,36,58,76
24,27,34,68,83,84,87,96,97,99,103,119,134,145,163
24,34,53,68,96,128,177
22,34,52,55,61,83,85,92,151,153,177,228
4,20,29,53,54,84,96,97,125,128,142,160
29,31,37,45,96,121
4,24,34,58,76,87,96,103,106,130,157,177,222
34,68,92,96,222
26,27,29,34,81,83,84,91,92,97,119,140
29,34,45,76,102,108,109,166,195,218
30,34,63,102,104,120,131,144,157,208
2,30,68,92,96,131
15,31,34,38,61,92,104,195,213,217
2,26,28,29,30,32,33,56,57,61,86,92,127,133,136,143,151,175,182,229,230
92,94,124,126,133,153,195
77,96,111,112,125
24,26,54,55,83,91,106,119,125,140,177,220
26,34,52,84,125,142,177
45,144
2,28,33,91,104
45,226
2,34,56,86,94,108,110,135,136,144,173,180,231
24,44,45,146,174,227
2,26,28,29,33,56,64,91,92,113,151,222
2,12,32,35,70,96,143,151
28,91,92,99,121
2,58,68,81,83,92,103,128,177
19,44,45,123
26,33,34,58,89
45
24,25,26,27,70,99
44,45,66,133
72,99
20,23,44,45,123
17,44,45,95
2,24,34,84,92,97,99,141,144
92
2,34,83,87,92,94,97,123,197,229
24,45,96,139
34
15,26,32,77,86,92,95,127
19,27,34,86,113,116,151,154,163
45,189
45,189
32,44,45,62,69,91,95,123,188,195
23,91,111,125,177
45
30,45,89,122,144
44,45,73,123,146
39,45,190,232
70
31,32,92,108,162,233,
32,33,45,76,99
44
26,29,31,38,47,151
151
45
47,58,95,187
9,26,111
28,29,31,45,98,121,122,176
2,83,97,103,145
26,
45
44
26,29,45,73,187
26,30,34,78,92,97,108
19,30,61,79,143
25,44,45,78
36,44,45
26,31,33,35,76,125
2
24,26,29,33,34,35,57,96,125,207
133,160,211,222
29,45,76
68
33,70,92,145
26,31,45,102,151,155
0,24,70,123,177,207
2,26,34,83,84,87,96,152,177,229
2,26,32,33,34,67,76,92,96,112,151,181,211
24,26,29,31,35,78,92,
44,45,184,209
34,92,94,155,177
2,34,70,182
32,91,153
24,34,64,71,78,92,112,120,227
44,45,184,209
32,34,72,84,94,96,103,105,145,177
33,34,52,96,108,117,125,140,177
33,34,64,86,96,111,126,174
45,64,84,104,125,152,177
58,154
52,97,140
2,3,26,29,58,70
2,15,22,26,33,34,37,52,54,60,68,87,96,174,177
55,96,177,228
28,29,33,34,41,80,97
24,25,58,89,92,112,179,211
4,19,26,78,207,211
2,26,45,61,77,109,144,187
2,15,22,26,33,34,37,52,54,60,68,87,96,174,177
3,29,38,82,126,135,195,
14,23,26,29,34,52,56,57,78,84,92,100,103,110,117,119,120,125,144,177
26,82,91,96,
2,26,68,84,97,111,118,152
44,45,108,214
20,28,58,92,112
36,44,45,172,174
2,3,34,84,85,86,87,96,99,177
2,23,24,26,34,45,52,55,64,83,96,177
26,34,73,81,94,96,108,124,135,176
45,234
44,45,174
2,3,15,22,24,32,34,54,76,83,86,92,96,99,103,119,176,177,235
1,29,92,99,112,144,156
15,23,26,34,77,96,133,187,218
24,85,96,97,100,118,140,141,142,198,236
24,34,83,84,92,97,100,110,140,144
24,28,31,34,38,58,72,83,84,85,96,97,119
44,45,102
2,20,26,27,28,32,34,35,57,64,70,72,84,91,97,99,112,113,125,144,181
25,44,45,61
44,45
2
34
44
9,45
45,161
44,45,76
25,26,47
26
68
2,14,26,34,92,97,116
26,45,99,143,222
24,35,58,110,124,174,177
45
45,190
26,33,96,97,211
44,45,47,69
103,119,177
45,77,123
2,26,31,34,44,45,72,96,153
24,33,86,92,177
45
26,58,157
25,44,45,109
2,27,34,52,83,84,87,97,100
26,29,32,123,154,158
45,66,188,237
26
92,
26,99,172
26,77
27,34,73,177,
26,102,110,120,121,131
54,92,105,177
22,26,34,55,85,87,103,152,177,212
45
19,28,37,45,222
26
54,92,105,177
26,29,34,45,73,96,111,121
44,45,58
28,33
1,24,29,34,72,81,92,94,111,112,195
0,15,34,92,96,112,125,155,188
26
45,114,189
26,45,72,73,76,102,143,151,154,187
26
26,29,33,48,110
26
103,177,
26,33,64,79,83,121
23,44,45,197
36,44,45,152
23,44,45,197
44
45
24,29,86,92,197
34,53,92,97,103,185
4,20,92,222
33,45,176
2,29,34,58,83,84,85,87,100,121,135,140
45,164
0,2,23,26,45,120,126,230
26,34,44,45,58,77,81,96,108,135,146,176,208
45,232
25,44,45
45,67,151
32,89,92,97
20,26,96,151
29,32,34,96,174,177,238
45,49,58
33,44,45
36,44,207
26,33,96,153,221,227
2,19,26,29,32,34,96,104,126,162,226,227,229
70
45,187,190,239
45,82
44,45,64,82
44
44,45,123,126
45,61,69,78
2,26,102,109
44,45,214
26,45,83,87,113,116,128,142
44,45,123
26,31,35
45,220
45,69,76,99,104
31,44,45,58
26,37,236
45,69,71,131,188
26,34,84,97,103,125,140,152
2,26,35,37
29,31,35,54,55,84,97,108,176
1,20,26,29,33,34,57,64,77,110,135,144
45
14,26,34,96,116,125,144,163
34,37,92,96,111,116,126,135,163
34,70,84,99,103,126,177
28
155,169
45,114
1,2,24,29,33,34,61,96,150
24,29,37,92,94,111,195,240,
2,24,26,34,63,83,84,96,100,152,177,208
68,
2,34,41,55,87,106,117,119,128,140,177,197,235
0,26,34,37,41,53,55,84,96,97,125,128,130,133,145,156,167,176,208,
2,3,22,83,99,103,120,177,235
26,34,63,69,70,71,91,111,163
2,24,34,70,83,85,96,100,103,118,119,139,141,142,146,
34,44,45,77
44,45,77
26,81,113,207,218
45
26,34,63,64,166
19,44,45,126,134
26,58,79,102,133,187,193
24,34,38,86,96,116,117,118,228
44,45,112,195
86
26,33,91
68
1,17,34,81,84,87,112,125,140,144,163,177,222
0,2,24,68,70,124,162,181,207,226
2,29,34,38,70,96,126,131,151,167,181,
2,26,34,38,41,45,96,149,162,192,207,215,241
0
45,75
26,29,33,61,125
2
44,45,76
44,45,242
44,45,76,123
44
26,33,73
44,45,82,91
26,31,44,218
243
45,219
29,32,76,143
44,45,47,244
26,72,76
26,30,32,58,60,126
155
198
26,35,207
31,37,44,45,123
45,220
2
44,45,76,214
33,58,171
20,26,37,144
19,72,99
45,73,76
26,29,34,35,52,83,92,116,218
45
27,34,54,56,58,70,79,84,103,119,126,177,243
26
15,26,34,95,99,207
26
0,24,26,92,95
20,23,44,45,92,190
2,22,26,83,87,91,103,177
20,24,26,38,70,125,148,187,207
20,22,24,26,52,54,57,61,64,73,83,84,85,96,97,125,128
1,2,27,33,34,96,108,144,146
2,26,27,31,34,49,61,92,153
2,28,34,58,63,64,92,94,120,125,143,146
44,45,151
28,44,45,111,156,209
25,44,45,
49,96,112,125,176,208
0,2,24,34,52,86,92,97,99,152,202
2,19,26,86,111
26,29,45,104,123,125
29,33,44,45,131
25,28,70,96,124,163,170,220
96
20,24,26,29,72,91,99
37,91,92,95
4,13,34,36,64,90,92,97,123,197,220,229
2
68
2,52,85,86,92,103,142,177,
31,33,34,45,56,102
92,229
24,45,92
26,31,32,66,96,187
26,34,61,78,96,111,207
26,95,211
26,28,77,109
4,26,45,214
26,29,72,95
45
19,29,37
26,29,45,56,86,129
97,103,119,228
10,45,47
2,26,31,112,196
26,35,45,73,76
44,45,76,114
26,76,111
32,33,45,68,79,98,143
26,70,71,96,163
44
45,82,91,99
26,33,58,76,120,125,
26,33,34,36,44,45,62,70,96
26,27,29,33,34,63,91,96
44,45,211
44,45,73,91
44
45,145
26,77,177
45
44,45,95,201
20,26,34,37,45,68,86,92,143
28,33,41,208
22,55,83,84,92,97,103,105,118
24,26,34,58,79,92,94,95,97,115,146,
45
24,26,34,58,84,91,96,113,128,140,177,226
26,33,34,38,45,201
2,26,33,34,45,61,73,92,110,208
24,34,53,79,84,85,86,97,103,106,108,128,235
26,33,37,66,76,195
28,58,110,151
44,45,82
26,245
34,45,53,84,92,108,177
2,4,79,97,100,103,120,130,235
79
26,73,99,119,177,185
79
4,26,27,34,35,38,47,70,76,92,108,110,146,176,177,227
15,32,96,112,177
24,26,68,70,78,79,92,95,96,111,124
24,27,34,55,78,84,85,103,177,222
19,45,61,72,104,177
2
1,22,24,26,34,35,63,84,87,96,112,134,177
2,24,26,34,83,85,92,96,100,103,140,141,177
26,34,49,68,146
2,15,26,28,34,92,95,96,112,113,149,195
2,15,25,26,27,34,58,60,69,70,92,108,153,170,211
26,28,60,70,71,155,158
24,126
34,45,68,72,80,102,126,148,168,195
2,34,78,86,92,99,137
24,28,34,41,55,92,97,125,163,208
92
33,70,86,92,125,126,155,207
34
2,3,4,24,26,32,33,34,76,91,92,146,207
23,44,45,123
28,45,76
28,33,94,96,102,151
2,24,26,31,32,33,34,58,63,134,145,177,195
15,24,34,64,78,92,143
24,34,96
92
44,45,64,126,187
44
45,64,164
45,220
44,45,69,73
26,31,32,41,63,68,125,
44,45,214
26,77,122
0,26,32,33,111,113,125
4,26,34,57,101,102,109,110,111,126
26,27,70,91,102,134
9,19,34,64,153,163,197
26,33,112,115,125,236
31,37,45,76
14,26,28,45,58,113,187,222
23,26,111
19,45
26,32,34,96,97,102,103,152
26,45,53,76,83,97,116,141
45,246
23,44,45
26,29,32,33,45,68,91,92,163
114
2,26,28,29,31,32,33,34,45,49,70,83,84,85,92,94,98,103,112,122,144,153,177,222
44,45,236
4,26,33,61,94,95,177
1,33,76,96,121,161
45,98,236
96
2,26,27,29,31,91
92,96
68,145,193
31,44,45
34,96,
31,96
45,65
96,
44,45,66,187
26,33,45
215
4,34,92,97,119,120,140,152,185
27,34,96,108,124,146,222,
23,44,45,172
24,33,34,72,92,245,
22,83,84,110,112,177
20,24,26,34,38,41,91,92,113,213
2,3,34,52,55,85,86,92,100,125,128,140,142,177
3,27,70,73,92,99,211
27,34,53,87,103,177
29,41,45
1,33,34,70,81,92,103,117,124,133,154,177,228,240,243
2,26,34,70,73,109,245,247
26,52,56,68,70,97,99,105,106,133
2,24,26,33,96,207,209
26,33,34,77,91,92,96,108,207,218
3,19,34,79,96,130,177
24,34,70,71,92,102,126,136,195,222,236
96
36,44,45,152
2,34,38,56,91,96,111
2,15,23,24,26,28,29,34,37,70,92,97
2,4,24,26,34,38,70,79,97,102,209
28,44,45
96,
2,3,4,26,34,92,110,177
3,29,58,92,96,109,143,207
92
1,3,27,34,52,54,57,84,96,103,108,128,146,151,177,235,
34,113
2,34,83,84,85,92,106,108,113,128,176,177,228,
3,23,26,45,92,143
2
31,44,45,61
15,24,29,34,79,92,121,143
2,29,34,76,84,85,96,177,228
238
44,45,76,109
45,76,82
44
34,58,73,125,151
26,35,57,58,73,76,96,
26,45,199
2,26,32,35,63,77,92,95,243,248,
19,26,27,29,32,33,121
2
248
26,28,45,73,249
26,57,110,131,224,248
19,26,33,61,143
28,45,91
44
29,45,134
44
44,45,76,82
44,45,162
36,44,45
28,29,45,82
26
26,58,91,121
26,111,112,207
10,26,64,79,102,123
45
92,102,109,153,222,249
4,38,58,72,96,220
2,33,34,38,63,76,92,149,161,218,222
45
68,70,155,195,218,222
45
26,31,33,92,220
23,68,96,99,102,108
45,164
32,34,99,104,123,144
13,35,89,249
26,28,32,33,34,76,92,135,181,220
45
45,164
45,65
45,250
20,26,33,34,37,76,87,97,120,125
34,61,70,76,92,96,143,154
14,33,34,92,99,182,249
45,104
45,134,145,232
23,26,34,38,52,57,84,92,100,103,105,163,177
26,99,123
2
19,23,34,41,57,123,151,163
2,55,70,84,100,103,177,
24,60,96,207
26,27,33,34,68,141,177,228
2,26,29,34,96,177,202,227,
2,24,34,68,70,92,97,105,140,152
27,61,78,91,92,111,135
2,13,26,34,68,78,124,129,197,243,249
29,45,83,97,112,113,119,121,153
26,34,57,86,97,224
45,162
72,91,125,151,197,220,226
2,29,32,34,38,92,151,209
26,37,77,96,126,187,211
2
24,34,83,92,177
24,26,34,35,37,41,70,90,92,
0,34,52,55,78,79,84,85,86,96,141,177
79,96
44,45,61,72
2,20,26,28,33,34,58,86,96,102,151,156,166,167,205,213,
27,68
24,29,34,49,77,86,92,
44
26,207,208
2,26,29,45,207
27,32,34,153,197,201
26,33,52,55,83,85,97,151
10,26,29,31,32
25,44,45
9,19,28,34,68,70,104,123,197
14,28,45,58,123,151,197
44,45,123
41,45,56,68,125,163,176
24,26,29,45,72,78,110,123
2,10,26,69,73,96,187
26,33,79,129
2,19,28,32,33,34,41,58,68,96,121,177,209,248
45,71,111,125,145,166,195
44,45,58,61
26,34,53,70,83,84,117,177,
26,34,94,96,98,108,
4,14,92,151,248
26,32,92,109,195
15
9,34,96,
15
53,97,103,125,128
24,34,64,84,85,96,100,141,177
3,34,72,102,126
2,24,26,33,34,41,79,97,102,135
26,34,52,55,79,83,84,92,99,103,105,117,135,141,151,177
14,45,86
45,190
45
45,164
94,103,140,177
13,15,26,29,34,116,117,142,152
14,96,146,151,249
99,226,249
26,28,34,86,92,94,151,202
26,29,33,35,44,45,57,61,99,249
215
2,3,26,28,34,52,53,92,96,97,103,106,112,113,128,151,174,249
92,99,129,178,204,222,240
44,45,207
28,34,61,86,96,177
13,24,26,27,34,41,56,91,97,110,134,142,176,227
44,45,73,97
28,33,61,92,
2,12,22,55,70,128,152,177,198
32,76,84,92,105,177,185,228
45,86,152
24,26,27,33,34,61,79,92,112,134,135,174,177
125
1,2,24,26,31,32,33,34,36,58,63,66,70,79,84,92,121,151,174,177
2,29,34,92,96,99,104,123,211
79
45,123,250
2,24,26,27,34,54,61,84,96,99,102,135,151,177,185
24,92,94
92
2,92,96,
2
96
36,44,45,100,152,239
44,45,251
32,45,47,62,69,76,188
44,
26,37,45,111,125,249
26,29,37,113
252
252
29,32,45,102,125
252
44,45,207
26,34,73,96,97,126,134,151
29,34,45,52,56,61,79,83,86,97,102,149,150,163,181
253
32,34,45,92,102,143,180
2,14,44,45
29,32,34,49,92,195
26,47,61,95,111,123
29,33,45,
27,34,58,84,97,99,125,126,128
23,26,29,73,76,95,102,135,
45,199
45,199
26,83,84,103,105,117,128,152,177
34,70,76,86,92,94,108,195
2,26,86,92,126,151
58,79,120,126
22,26,52,53,83,97,128
26,144,195,207
3,26,33,34,79,252
31,34,37,41,58,61,76,79,94,96,125,202
26,33,34,61,76,92,121
13,26,73,130,220,249,
26,31,92
45,137,232,250
28,34,52,70,83,84,94,97,103,135,174
26,31,32,33,34,35,62,86,92,121,122,172
44
2,34
31,44,45,218
108,133,135,202,
24,26,31,34,92,124,222
45,114
9,24,34,66,81,92,111
20,26,28,29,45,110,151
26,31,34,66,92,196
44,45,121
2,24,34,96,97,99,109,119,120,125,135,220
2,99,102,207
24,26,34,55,84,108,112,125,142,177
92
4,15,24,29,33,34,37,66,80,92,108,112,125,135,153,179,180
52,54,84,87,177
2,20,33,73,84,96,113,169,205
45,114
2,33,34,83,92,103,128,140,177
44
2,26,123
254
26,72,102
26,62,123,177
14,26,45,66,144
19,24,45,57,58,86,95
26,76,91,218
45,157,249
45,196,207
26,33,34,49,92
25,44,45
143,187
2
26,45,60,89,195,253
53,68,72,78,92,99,112,118,144,177,198
1,33,71,195
26,45,69,72,99
26,37,84,117,152,157,177,185
45,79,151
26,69,70,96,121,196
27,34,37,41,56,112,255
2,14,28,44,45,61,113,163
24,26,45,130,163
34,55,73,97,105,112,118,126,140,151,178,249
13,14,45,86,197
4,26,31,35,56,63,92,121,125,195
45,114
23,57,91,112,125,153,218,224
2,24,26,34,57,92,125,177
2,26,49,96,134
45,108,114
44,45,61,185,201,239,256
19,23,26,86,113,146,207
25,26,45,49
2,19,26,34,70,83,84,92,94,103,106,177,228
2,26,34,45,92,103,141,177,224
45
2,26,34,45,61,174,208
24,63,96,99,151,185
24,34,92,187,205
45,218
33,44,45
2,26,102,104,154,195
1,2,26,29,32,34,58,68,73,96,112,151
26,45,120,124,125,163,227
0,32,33,34,111,116
26,45,55,92,110,111,195,209
2,34
34,58,63,92,96,99,102,126,151
26,215
24,92,97,118,128,208
2,26,56,83,92,103,106,177
45,195
26,27,33,77
2,15,24,34,92,102,134,143,197
22,24,26,83,84,96,119,120,128,152,154,177,235
26,45
26,32,70,111,187
26,68,91,146
26,47,102
26,27,53,83,84,96,97,103,128,140,163,211
2,27,45,83,103,108,145,177,
26
22,26,27,45,84,87,108,113,117,149,152,177,209,228
19,34,38,69,96,144
45
45,257
2,26,44,45,77,96,177,258
44
35,36,37,45,
20,31,34,92,96,120,196
99,249
14,33,34,35,63,92,96,102,110,122,124,125,129,157,181,243
44,45,47,58,123,188
26,33,45,216,222
32,45,68,99,108,143,144,222
33,45,98,125,145,187,222,249
19,28,64,104,125,197
29,44,45,61,126
73,91,197,235
2,26,29,33,34,73,91,92,103,104,166,177
26,35,60,70
44,45,73,76,121,123
44,76,91
2,26,45,49,66,108,151
2,26,33,38,64
25,26,34,45,78,110,207
31,76,85,86,97,140,152
2,26,63,68,102,126
45,52,103,119,177
26,29,34,35,38,125,154,187
22,24,54,55,68,70,85,119,122,142,177,197,254
0,4,34,72,89,92,151,177,181
24,34,38,56,92,102,125,136,153,178
32,45,91,99
4,34,64,68,92,99,177
25,44,45
44,45,192
29,44,45,49,108,218
14,26,37,125,129,148,159,163,227,230
45
26,29,31,34,98,125,153,161
4,13,24,34,92,124,145,249
45,164
91,99,162
12,26,34,70,91,111,187
254
26,34,45,70,111,144
4,8,9,26,34,52,79,83,96,100,103,106,121,128,149,177,227,
2,34,63,92,99,126,151,167
32,96,139,163
13,23,44,45,78
2,19,29,84,92,94,99,103,133,177,185
2
2,26,29,45,69,112,162,197
2,15,20,24,29,33,78,115,197,213
2,13,34,99,116,122,134,202,235
2,24,34,92,96,111,207
2,20,33,34,92,102,151,156,169
92
44
34,91,92,116,163
44,45,102,134,147
29,32,45,98
44,45,72,116
4,19,29,34,102,148,163,243,
23,44,45,169,259
45,114
31,34,53,97,103,131
31,44,45,61,91
44
33
44,45,90,207,219
2,24,26,34,110,112,177
10,26,33,45
44,45,76
22,31,34,52,72,92,97
44,45,61,76,111
28,31,32,92,109
26,31,56,64,68,70,79,99,120,207
33,38,92,94,102,108,124,126,143,204,
24,33,72,92,102,181,219
44,45,66
20,44,45,73
28,32,34,94,126,177,254
26,31,64,70,144
30,44,45,72,86,151
0,2,29,32,34,58,94,99,123
2,9,26,37,68,99,201
70
26,37,48,91,94
2,27,45,54,68,81,103,104,177
45,88,108
68
33,79,143,207
44,239
26,58,64,91,96,99,123,254
34,54,135,177
2,25,26,33,34,102,202
2,15,23,34,104,124,249
24,34,92,99,126,151,163,177,207
44,45,95
24,26,83,85,97,103,125,227,
33,45,61,85,91
33,44,45,49,121,160
34,99,112,113,177,207
26,45,73,187,227
26,29,92,94,97,120,222
28,44,45,207
70,104,122,163
19,45,49,104,121,225
44,45,64
27
45,176
97,
45
26,92,98,153
26,64,70,195
19,45,214
26,44,45,76,174,239,254,256,260,
26,64,120,123
23,45,111,214
24,26,29,31,35,110,176,187,254
45
44
45,111,196
33,34,53,55,70,84,174,177,182,
23,44,45
33,97,102,105,117,118,140,249
4,34,45,56,94,143,158
26,29,71,90,94,111
34,77,81,99,151
26,33,44,45,61,149,261
23,26,34,45,55,92,97,103,109,112,142,144
9,33,34,38,96,99,109,126,143,249
45,68,72,177
26,29,34,70,83,97,99,100,117,125
31,45,76,91,98,121
2,26,34,72,91,96,121,249
44
26,29,34,53,54,94,97,103,112,148,248
25,26,57,110,196
26,34,48,52,84,97,105,120,128
2,26,31,34,79,91,92,125,135,155,207,248
45,108,234
79
2,20,26,33,61,76
19,45,99,239
44,45,91,248
26,34,70,92,95,99,111
31,91,92,143,145
2,26,27,29,35,44,45,63,92,108,123,224
99,163,180
24,29,92,112,196,207
24,26,29,33,91,95,96,99,112,113,144,169,207,262
34,52,70,72,92,96,97,106,108,125,169,202
34,91,96,112,145,163
24,26,53,57,83,103,106,117,141,177
26,32,34,58,108,135
12,26,27,28,34,52,53,79,81,91,92,104,128,140,142,177,263
24,34,85,92,94,99,100,128,177,185,226
44,45,64,158,207
31,36,44,45,
0,28,34,45,72,78,83,84,87,92,110,152,153,177,211
20,33,45,102
2,29,34,56,58,91,92,187
24,33,34,73,96,153,161,207,215
0,2,19,52,84,91,92,94,113,118,128,177
2,26,35,84,96,177
24,33,92,94,96,108,112,161
34
215
96,
96,
33,92,163
35,44,45,101
44,45,76
44
2,26,61,153,207,224
26,32,35,44,45,76,92
23,44,45,76,92
26,76
36,44,45,239
27,45,58,61,76,92,113,124
229
26,91,92,94,102,144
44
45,199
23,44,45
44
44,45,86,207,214
26,45,92,95,126,227
58,64,125,249
22,26,34,53,54,84,92,94,95,97,103,104,125,202
13,28,58,109
45,99,232
26,33,58,96,131,161
29,32,44,45,49,115,122
26,73,91,92,
9,26,33,80,133,187
20,31,44,45,71,95,102,133,236
3,26,58,79,96,207,254
31,44,45,47,130,254
26,64,70,99,102,222
35,44,45
28,38,89,125,133,143,153,163
24,26,34,53,83,84,96,152,177,209
0,23,24,33,96,113,248
34,96
76,81,92,121,
92
24,26,35,207,209
13,28,29,33,137,209
58,92,248
34,61,70,102,166,195
26,31,87,92,97,125,128
26,29,58,120,
45,65
3,15,26,33,34,53,68,83,85,87,91,92,94,102,103,120,125,126,140,141,177,181
3,4,26,29,31,33,34,37,49,58,84,97,103,108,120,126,128,143,208
24,33,68,91,96,116,126
26,45,66,92,102
213
2,26,29,33,61,96,97
34
24,26,29,31,32,34,64,92,144
28,44,45,123,172
26,31,34,76,122,125
0,2,24,26,29,33,34,41,68,77,119,125,151,177
0,92
29,34,37,208,227
158
2,29,91,92,99,125
44,45,58
45
44,45,61,91
24,91,96,121
44,45,214
27,28,61,99,134,167
24,28,34,58,96,122,125,126,154
44,45,95
3,26,58,77,102,133,187
96
0,2,24,26,33,34,58,68,86,96,102,125,140,148,174,209,
45
32,34,96,211,227
26,70,196,197,207
0,2,29,34,52,53,61,92,97,100,105,145
2,26,34,77,83,97,140,211
92
2,24,31,34,58,60,94,95,96,108,109,124,135,224,
2,96
52,53,83,100,128,177
44,45,58,64,70,202,209
1,2,26,29,33,34,49,94,96,120,209
2,10,19,26,34,69,83,94,106,145,177,228
34
44,45,90,216,239
45,47,145,147,196
19,35,45
45,114,189
23,27,29,45,111,
45,66,172
23,26,33,61,91,92
10,44,45,239
26,29,32,45,98,102
45,74,164,232
26,45,49,66,161
2,26,28,34,45,102,156,187
146,151,249
68
26,32,34,68,84,97,99,120,140,185,235
34,104,144
8,9,19,92,99,151,222
23,26,33,53,54,89,103,118,142,163,177,252
1,2,29,34,68,92,108,113,123,129,162
202
27,61,78,197
197
2,26,67,99,163,222
34,64,78,92,197,264
26,54,83,87,177
27
2,26,95,218
44,45,211
25,27,28,96
44
3,15,52,92,97,108,119
45,61
70
44
27,68
26,35,71,99
24,26,27,83,84,96,100,177
2,24,26,34,73,84,96,103,177,179,233,264
70
68,116,128
13,26,29,33,34,45,73,99,120,125
45,164,199
0,24,33,34,58,92,125,126,181,218,222
26,34,37,72,76,96,146
26,87,96,116,118,141
1,24,26,28,45,73,151
24,34,54,55,86,92,96,177,179
96
34
92,96,
0,2,4,24,34,52,55,64,83,92,97,128,142,215
44,45,58
28,32,33,76,96,187,254
15,26,95,111,154,193
96,
45,189,192
0,34,92
58,92,108,121
26,86,92,99,104,112,146,202
44,45,47,187
24,33,34,37,44,45,76,83,92,94,97,118,134,207
26,28,33,110,116,123,128
24,26,29,31,34,64,110
26,33,34,52,70,72,87,92,106,112,113,177
70,92
2,24,31,35,92,99,113
92
92
92
92
23,44,45,239
45,109,123
2,26,76,123
26,27,80,223
45,58,92,176,207,
26,45,72,95
44,45,76,114
45,64,188
26,31,61,125,196
45,49,98
68
45,65
2,4,24,26,34,35,58,125,153,163,249
26,33,68,78,192
3,45,66,130,176
26,68,70,126,143,155,
0,2,8,26,64,73,86
32,37,45,58,92,226
45,67,124
33,77,92
26,34,52,53,83,84,97,103,106,117,140
45,99,109
38,44,45,61,68,98,121,163
45,83,84,177
2
44,45,91
2,4,24,55,83,85,92,128,145,177,202
19,45,102,145
26,29,33,34,61,70,92,
34,45,108,143,151
35,38,66,92,
14,28,44,45,106,151,155,
1,4,8,29,33,94,99,102,111,123,124,139,152,
19,23,29,35,66,76,92,108,122,129,151,220,
28,44,45
27,68,
2,4,26,33,34,53,92,94,105,106,112,124,177,181,197,208
26,29,34,58,64,108,146,195
14,78,120,219,240
44,45,211
0,2,24,29,31,34,66,72,91,165
34,240
19,24,33,34,70,81,264,
2,25,44,45,214
91,92,102,145
26,28,38,41,91,92,126,134
44,45,82,126
45,189
27,33,49,61,68,92,99,126,134,167
2,24,26,33,34,52,54,55,84,96,97,103,128
44,45,77,108,209
92,
92,155,248
92
44,45,64
24,33,73,79,143,187,249
44,45,72,111
2,29,45,56,73,92,154,161
2,34,37,60,97,103,128,141,151,185,197
26,28,33,34,53,79,96,97,117,118,120,123,128,151,152,185
24,26,52,83,110,177
26
68
24,28,33,34,56,96,
96
32,47,99,111,125,186
24,34,41,92,121,165,179
44,45,61,85,239
44,45
44,45,91,111
24,28,34,83,94,96,97,103,203
96
31,61,72,80
2
34,92,96,215
34,215
2
92,
92
34,86,90,96,196
34
45,72,82,123,188
45,121,145
45,114
3,45,189
265
2,23,26,32,33,34,70,71,86,101,129,158,165,177,197,226,236,264
26,58,71,92,98
45,190
26,27,31,34,92,121,143
15,20,110,136,143
26,28,112,113,134
2,3,26,34,45,102,207
44,45,76,207
19,26,33,49,61,66,110,227,266
45,114
68
3,26,29,45,76,111,125,
44,45,192
26,29,44,45,91,98
33,44,45,207,214
23,26,33,64,111,198
226
26,30,32,33,34,41,72,265
44,45,76
44,45,67,102,151,
26,33,45,58,112
24,26,83,86,100,103,119,125,152,177
26,45,158,219
19,45,95,109
33,78,92,94
26,91,176,182,195
26,33,76,92
2,4,24,27,33,34,58,70
2,22,27,34,53,54,55,70,83,103,119,128,177,235
68
26,33,58,61,92,207
26,29,34,64,80,92,102
33,64,96,108
2,27,33,68,92,94,133,135,174,224,
26,33,38,222,267
45,65
26,66,76,126,213,254
45,220
15,53,83,91,118,125,145,152,177
36,44,45
44,209
226
26,33,61,125,134,143
2,24,26,37,68,84,92,177
37,60,89,112,166,187
1,61,86,108,125,133
44,45
2,45,250
2,24,26,34,52,84,87,97,152
36,44,45,96
2,23,26,28,66,92,96,112,126,134,135
24,29,34,41,55,86,92,143,153,226,
265
26,33,56,83,84,85,120,125,177,239
28,33,34,60,61,92,
56,96,99,159
2,34,61,134,220,254
14,44,45,268
2,24,72,92,94,96,99,126,215,
20,26,29,34,52,68,70,84,103,108,178,207,209,
61,92,126,165
2,34,92,
45,69,73,95,123,188,207
44,45,122,145,160
28,44,45,71
45,189
26,31,126,208
26,27,30,33,38,44,45,254
26,76,92
26,121,144,163
26,29,33,34,73,151,161,
33,34,70,91,102,120,197
37,45,72
96
26,27,29,33,49,77,96,207,227
44,45,61,207,214
44,45,91
99,143
31,64,95,96,122,163
26,41,95
45
27,32,33,34,35,58,96,122
28,34,41,45,55,61,73,92,106,116,124,153,249,
26,29,35,45,73,99,125
9,36,99,125
45,65
2,26,33,34,47,73,96,130,133,165
0,29,33,45,61,92,125,143,218,249
45
26,29,34,58,77,102,111,187,202
20,29,94,95,120,144,218
24,26,28,34,96,118,119,177,185
68
34,35,45,86,108,126,143,178
20,23,26,34,76,91,96,
3,29,33,34,61,121,126,135,143
45,84,87,146
24,44,45,47
44,45,65,95
44,45,123
26,34,77,83,86,96,103,112,116,152,159
26,32,34,68,92,97,102,106,120,141,151,192,249
31,45,249
45,164
25,64,70,76,92,174,269
2,26,64,178,192
58,67,126,209
26,34,35,77,79,86,102,133,153
3,34,55,85,87,92,113,116,128,177
2,26,28,34,45,58,61,96,218
19,34,37,41,70,92,97,116,202,211
24,29,33,34,45,110,130,209
2,34,61,63,68,92,99,111,143,167
44,45,77
1,19,34,52,53,55,84,85,96,97,120,125,264,
34,66,83,92,97,100,102,103,108,113,181,
0,2,24,34,55,63,83,84,87,92,106,108,118,177
96
34,55,68,83,92,96,106,129,177
2
1,34,92,94,96,126,151,215,218
2,20,26,29,33,34,58,66,112,113,135,146,153,159,163,196,202,213
2,34,41,61,78,135,165,196
24,26,33,34,92,96,111,161
29,33,34,83,85,92,96,97,103,112,120,165
24,26,34,35,83,96,105,177
24,26,34,41,84,96,140,177,198,208,215
19,44,45,64,154,188
44,45,73
2,44,45,207
36,44,45,188
26,27,37,44,45,68,70,76,153
26,28,45,72
45,199
2,26,34,38,70,97,187
44,45,192
2,26,28,64
2,26,34,45,112,124,156
2,3,63,92,131,148
44,47,64,69,76,95,123
44,45,76,82,207
26,34,73,76,92,124,172
44,45,108,196,214
2,20,26,29,32,34,131,149
44,45,147
44,45,99
76,101
96,105,116,128,177
26,31,35,45,102,125
27,29,84,85,92,94,97,108,118,128,140
2,20,29,33,38,92,96,111,161,220,254
2,26,52,54,84,94,97,103,105,112,128
20,29,31,32,34,35,80,95,112,157
2,24,26,33,45,115,130
4,26,47,95,96
26,34,45,64,111,135,156,166,219
14,22,26,34,52,55,83,92,97,103,125,141,151,187,226
26,33,133,179
2,28,35,41,58,80,125
45,66,76,92,99,161
92
53,83,84,96,97,99,108,135,140,166,224
13,19,33,34,38,63,76,92
26,33,43,45,70,99,102,161,169,182
26,61,83,100,142,177
3,8,33,68,92,169,222
26,29,33,34,44,45,47,91,92,108
26,58
4,15,26,29,34,45,66,96
26,80,92,94,95
29,33,34,37,84,89,94,97,100,106,112,169,224,228,235
0,26,34,52,53,76,83,84,87,97,101,106,125,135,239,251
29,38,92,124,125,135,161,181
198
45,199
45,91,145
41,98,171,222
45
26,29,30,71,77,82,86,125,146,187
26,76,177
26,32,33,96,139,207
2,13,22,24,26,55,84,177
26,27,34,72,116,142,202
44,45,123,172
23,26,29,91,112,125
24,26,34,37,52,54,84,92,94,177,207,267
15,29,94,211,249,254,270
34
26,33,34,108
26,68,83,85,100,141,177
24,27,34,72,78,92,151,161
24,26,34,53,55,57,104,141,152,177
45
2,15,24,26,27,28,31,91,92,121,151
44,45,76,111
26,29,37,56,92,120,133,135,160,163
26,33,34,35,56,68,92,110,120,125,135,174,177
2
2,26,34,53,83,84,100,128,141,177
26,29,30,34,37,92,96,112,121,125,135,144,195,197,248
2,26,28,33,34,45,58,133,154,156,249
96
125
96,215
125
19,24
4,19,31,33,96,148,209,261
44
37,44,45
22,54,76,83,84,85,87,97,104,110
1,24,34,37,78,83,94,96,97,103,110,125,140,144,153
33,35
26,29,33,58,72,125
45,164
26
26,27,33,58,61,68
31,44,45,196
2,26,76,143
12,26,33,47,61,125,198
2
26,29,34,92,94,111,144,
53,57,83,94,95,97,110,117,125
34,64,89,92,94,111,113
44,45,123,266
26,34,64,92,121
26,53,83,84,87,103,177
26,82,89,249
0,28,34,37,38,102,104,125
2,28,32,66,92,146,161,181,197
33,78,94,97,101,176
265
45
2,25,26,28,94,218
155
35,44,45,61,196,208
2,20,24,31,33,34,35,92,94,96,124,271
26,34,38,68,92,126,151,177,202
29,33,94,112,126,143
45,68,161,214
45
0,2,3,8,34,78,92,102,108,151,263
24,26,27,34,45,55,83,84,92,101,128,177
14,45,89,226
36,44,45,
44,45,123
44,45,214,239
32,45,143,153
44,45,48
26,34,77,92,111,133,187,254
45,64,94,108
44
45,250
26,33,34,58,61,68,96,101,112,123,125
0,2,24,34,96,109,122,126,163
2,26,34,58,67,77,92,130,151,174
2,24,26,34,68,70,84,91,92,97,207
0,2,3,27,29,32,33,34,41,92,125,182,202,
45,182,202
45,61,97
2,27,34,68,94,96,103,177,185,
0,92
2,26,45,52,55,92,116
2,24,26,27,33,34,58,70,123,134,166
29,84,92,94,108,140,177
2,14,24,27,34,58,64,68,96,99,146,224,272
45,187,234
24,26,77,91,99
4,15,29,34,66,84,101,103,105,112,120,124,125,135,159,173
24,34,58,91,92,112,143
45,60
26,32,92,95
26,29,49,102,112
8,96,102,222,248
2,26,34,61,72,163
26,27,58,249
26,45,71,72
26,58,61,91,149,249
32,44,45,64,158,
37,45,69,104
44,45,66
38,45,195,222
0
45,190
2
26,91,197
2,4,26,34,52,73,97,100,125,133,135,151,211
13,26,121,123
15,22,26,58,81,108,160,195
61,92,209,236
9,29,33,34,79,102,197
45,52,92,98,128,177
2,19,30,68,73,79,163
22,24,26,27,34,55,83,96,111,128,152,177
92
2,26,34,45,60,91,111,187
4,26,34,54,55,68,70,79,85,97,103,106,108,119,185,
9,22,32,33,38,45,55,56,84,87,103,125,149,151,163,177
33,34,78,84,92,97,99,113,122,125,128
125
26,29,32,34,68,143,149
2
29,44,45,61,102
2
165
44,45,61,188
2,24,33,34,66,68,134
45,145,157
26,29,45,79,91,124,125,130,135,146,163,202
26,28,77,109
14,57,58,94,112,136,146
220
26,34,55,85,92,97,117,128,235
33,68,79,96,108,120,126,151
96
4,26,28,79,130,207
197,254
24,55,87,97,120,135,
45,226
35,44,45,49,73,91
44,45,48
2,45,61,63,78,99,153
2,26,29,33,34,66,86,92,135,161,181
0,26,34,63,73,79,81,92,124,173,181,207
2,10,24,25,34,35,92,95,99,144
22,45,70,83,84,103,177
181
22,24,45,55,96,177,249
25,44,45
27,29,34,57,92,112,113,120,130,
31,44,45,101,124,218
3,24,44,45,121
19,34,45,119,177
23,26,86,125,161
26,33,41,45,76
2,22,34,52,55,96,103,128,177,235,256,
2,24,26,52,84,90,96,103,125,152,177
45,190,242
1,19,33,91,92,94,108,125,143,153,181
92
96
83,87,92,105,108,127,177
24,26,32,34,55,84,92,99,108,177,185
45,226
9,19,26,34,56,64,73,92,121,125,126,133,143,151,156
45,88,113,164
44,45
2,24,26,34,77,78,92,94,111,192,205,211
44,45,196
24,26,34,64,71,86,96,108,112,125,130,143
24,30,35,92,108,131
23,26,34,37,38,52,64,68,92,177
27
44,45,76
19,45,109
26,28,133
23,34,37,143,166,187
3,13,20,26,28,45,249,
34,35,49,125,146,149
4,26,27,29,34,121,249
26,58,133,220
24,26,27,34,52,54,64,68,83,84,97,106,128
31,133,197
28,44,45,61,101
26,72,127,161
2,26,33,82,95,174
44,45,58,134
26,45,73,207
31,45,76,145
44,45,72,188
24,26,28,34,44,45,102,147
45,66,143
45,91
26,76,96
45,226,
2,20,25,26,31,33,67,112,125,126,153
19,68,157,163,222,249,254
2
26,37,99,125,126,261
44,45,76
26
26,28,77,79,187
2,26,31,34,36,70,122,207,215
31,44,45,196
29,34,37,57,83,87,91,94,104,106,110,120,125,140,144,153,169,177,271
14,26,32,47,94,99,102,176
52,97,99,112,128
44,45,76,144
26,35,38,45,58
34,120,125,128,177,228
26,29,61,144,264
45,66,209
68
2,27,52,68,83,84,103,177
26,34,67,92,111,187,197
24,29,45,68,73,153,253
31,44,45,61
2,20,26,28,33,34,35,41,61,70,96,130
34,92,108,148,188,198,
2,27,34,45,58,159,218,222
44,45,76
44,45,76,245
2,29,34,55,70,83,86,100,102,113,116,117,118
45,
28,35,45,92,209
45,190,
24,92,112,205
1,2,33,34,35,41,58,70,96,123,126,133,149,151,162
29,32,34,55,61,78,83,84,85,92,99,110,125,162,174,177,185,254
34,70,96,122,146,151,174,197
2,26,34,92,97,128,142,239
15,101
2,3,24,29,34,61,92,109,118,177,185
24,58,92,96,174,208
96
45,65
2,27,28,32,34,124,156,182,202,
2,24,26,34,83,85,86,87,96,100,103,117,139,177,178
2,8,26,29,34,58,77,92,94,99,104,120,123,126,153
44,45,172
125
27
239
17,27,29,92,94,111,159,215
9,70,79,92,96,99,130,163,207
26
2,8,24,34,57,76,83,84,87,92,100,128,177,215,235,245
45,187,211
45
44,45,91,104
23,24,26,28,33,34,38,55,64,68,83,99,121,177,211
44,45,121
26,32,33,96,121,177
72,96,134,161
96
135
15,34,64,94,96,112,163,254
2
2,20,24,26,29,33,49,68,70,96,126,133,134,143,151
34,135
2
26,135
45,214,
2,4,26,34,76,134,196,202,
26,77
25,26,32,38,102,196
26,33,45
29,44,45,98
2,19,29,34,54,79,87,97,105,120,128
45,187,211
0,2,26,29,33,54,55,64,73,84,85,97,99,125,179
20,26,33,72,110
27,68
44,45,124,214
35,44,45,61
3,26,97,125
44,45,64,73,76
44,45,214
26,34,58,90,108,195
2,34,52,83,97,103,105,140,152
2,32,33,34,36,124,260
29,33,45,83,91,121,130
38,45
25,29,44,45,123
29,45,66,96
20,44,45
45,164,246
23,29,38,66,92,248,273,
26,38,47,86,95,135,161,168,195,264
2,44,45,196
1,26,31,32,37,55,70,92,97,208
44,45,91
1,29,57,94,102,108,120,222
19,33,102,224
15,26,54,85,87,105,120,177
92
2,79,89,97,120
24,34,53,92,97,108,128,139,181
2,34,53,92,145,177
79,
8,34,66,72,73,76,197
92
34,45,79,99,102,104,139,177
31,35,45,249
44,45,130,239
45,147,250
92
79,
2,24,26,177
1,10,20,24,34,57,96,121,127
45
26,84,103,145
0
2,24,26,79,97
2,92
2,26,56,99,120,136,143,236
45,107
45,61,99,113,189
2,24,34,53,83,96,99,100,130,142,177,252
26,34,53,61,83,84,92,103,125,152,169,177
19,34,58,92,119,133,177
26,92,112,121,133
2,24,26,34,37,52,68,84,92,177
2,26,67,136,176,187,
96
96
45
27
24,86,92,97
2,24,34,52,64,83,86,94,96,97,117,142,177
34,77,96,146,195
2,27,34,112,116,133
23,24,29,34,79,92,
45,71,79,86,126
34,38,45,55,83,84,87,92,103,125,152,177
2,23,24,26,34,41,68,79,91,92,112,125,134,178,264
45,114
34,68,86,92,96,100,103,177
19,34,64,92,125,162,163
24,34,37,57,58,80,92,96,104,122,209
26,27,29,34,77,78,92,96,112,124,125,205,236,254
24,26,28,33,34,45,64,73,92,208
2,26,32,34,92,120,134,177,192,202
2,26,31,34,38,96,177
29,33,34,68,96,102,156,169
2,22,23,26,34,52,55,56,83,92,103,106,112,128,177
15,26,34,38,79,92,96,97,146,227
96,
45,107,164
26,45,188
26,68,91,130,153
13,45
44,45,58,274
45,189
26,45,49,73,161
23,26,28,78,90,96
4,26,33,34,58,64,92,99,125
31,33,45,
2
2
14,26,33,57,73,92,102
45,69,76,120
26,34,37,68,109,120
22,53,70,84,85,94,97,106,108,152,185
44,45,196
44,45,121,123
44,45,82
26,66,70,91,96,172,197
26,32,49,58,73,76,271
29
45,199
26,36,143,180
13,26,29,34,45,120,121,125
44,45,76
1,20,26,32,33,68,73,86,96,123
26,29,45,68,91,112,207
2
2,24,26,33,34,55,83,96,100,130,152,177
31,33,34,70,76,127,146,162,
29,84,92,103,125,140,177
45,190
34,57,92,120,124,143,187
2,26,35,99,121,213
26,27,45,146,218
2,31,44,45,72
45
45,190
10,44,45
2,26,31,207
45,65
45,226
2,26,27,33,34,58,102,109,169,170
68
26,29,32,33,34,63,83,86,96,222
34,86,92,99,130,143,254
2,4,26,33,34,58,77,83,84,92,97,112,254
45,275
2,23,24,28,34,44,45,83,86,90,91,96,100,116,117,182
45,190,234
26,27,57,58,60,63,68,96,121,125,249,
44,45,61,218,239
2,27,31,33,34,58,78,91,96,108
2,24,26,27,57,92,97,102,118,128,139
68
20,26,29,34,38,70,92,123,151
29,32,33,34,96,113,131,161,182
1,2,24,34,71,92,120,130
26,28,34,41,57,79,81,91,92,110,128,134,174,178,264
36,44,45,
44,45,124,239
96,
45,90,226
34,38,55,64,73,83,125,144,177
2,26,33,34,58,96,99,120,172
24,26,34,41,92,96,130,146,177,273
1,24,26,53,54,84,92,112,116,168,254
96,
96
45,88,107,189,190
45,114
10,44,45
13,45
26,33,55,83,97,105,126,140
26,29,38,73,92,95,126,127,208,211,224
45,276
2
44,45,69,122
26,30,98,187
29,33,61,94,102,143,222
26,45,48,58,69,91,144
26,49,96,195
25,44,45,72
26,34,45,58,70,91,96,102,122,134
44,45,64,90,126
23,26,45,102,158,187,207
26,54,87,105,120,177,185
24,26,34,92,121,130
44,45,108,116
31,64,91,92,130
26,27,68,78,169
3,26,28,29,37,57,92,211
26,28,35,70,102,211
26,45,73,121,143,187
2,52,71,83,84,94,96,177
26,33,72,92
83,105,152,155,177
53,83,92,97,103,109,121,141
2
20,33,34,58,79,155,254
26,34,38,56,76,83,96,102,116,157
26,29,33,34,52,61,87,96,102,148,177,209
79,254
45,199
1,19,34,84,86,92,94,100,103,105,112,128,140,177
34,52,53,96,112,177
20,28,29,33,34,38,41,45,57,60,71,80,110,111,122,124,125,127,136,144,163,166,178,208
45,190
26,77,113,143,153,207
26,28,45,76,172
22,34,52,55,85,96,97
24,29,34,45,58,94,96,102,163,178,209
24,92,153,211
1,33,34,86,96,123,145,174
56,94,96,108,273
26
4,15,26,54,64,92,97,140,152
33,44,45,76
34,78,99,113,122
26,34,41,77,87,92,96,126,134,151,174
14,26,34,58,68,243
26,96
56,66,143
45,123,225
2
2,58,61,67,151
28,96,129,156
45,199
45,190
45,169,226
44,45,86,130
28,45,99
44,45,76,91
3,10,35,64,121,151,177
67,96,143,145,146
8,29,33,91,99
26,27,31,34,38,66,92,99,102
68,99
2,3,34,83,84,85,92,125,142,152,177,185,264,273
31,44,45,72
25,44,45,69,73,95
44,45,64
26,28,33,64,92,99,102,151,166
44,45,76
45,114
2,28,29,31,35,49,58,63,99,121,144,187
26,64,92,123,126,136
44,45,123
44,45,111
0,26,64,73,76,92,126,209
25,26,45,99,111
32,44,45,69,130,188
45,123,188
2,26,64,111,127
44,45,69,91,94,188,207
44,45,56,216,266
45,102,130
44,45,214
22,26,52,53,83,97,128,151
45,190
44,45,155,209
10,14,26,28,91,92,94,96,176,
13,29,76
19,45,73,76,111,137,145
15,58,90,96,108,195
44,45,272
34,112,133,146,159,161,181,216,218,249,254,
0,26,72,136,248
44
44
26,34,83,84,87,92,177,178,228
36,44,45,126
29,34,53,106,108,141,177,222
33,45
26,33,70
26,123,218
44,45,160,214
35,44,45,157
44,45,61,82
20,24,26,34,83,84,96,117,139,178
2
26,45,102,111,113,180
2,45,99,139,143
2,26,76,207
2,26,70,72,91,116
44,45,188
2,24,177
2,61,66,208
45,161,188
10,33,44,45,
45
24,33,44,45
45,88
31,45,203,207
2,24,26,34,41,58,92,96,134,174
34,52,87,92,97,147,168,187
2,26,31,33,133,207
23,44,45,239,256
44,45,61,72,76,146
44,45,214
83,152
125
24,34,79,92,177,265
44,45,86,130
2,4,24,34,70,91,96,97,145,220
28,44,45,73
26,27,34,68,79,91,94,96,125,134,174,178,263
45,61
15,26,29,34,44,45,61,76,96,177,254
26,64,70,86,96,125,207,271
25,26,29,58,70,76,92,123,148,273
2,10,15,26,34,37,38,64,68,78,83,120,177,181
2,26,34,86,97,157,178,202,
26,33,61,68,102
2,26,33,38,92,96,124,144,162
26,28,34,45,92,
101
68
44,45,72,188,
33,45
27,68
2,26,28,29,31,35,49,72,79,95,134,148,177,180,209
26,28,45
45,76,121
2,23,26,33,38,76,79,207
26,28,29,31,45,90,122,148,163,222,
32,44,45,64,109,130,158,188
45,76,104,207
32,143
20,26,32,45,73,91,96,158
19,70,79,97,105,112,120,141
0,8,26,34,58,61,143
15,29,32,38,91,102,126,174
44,45,123
1,23,45,58,92,126,143,248,264
45,99,275
79,96
26,34,38,45,58,61,73,92,102,151,181
68
2,26,29,31,34,36,45,76,99,180
26,27,45,53,91,97,103,128,185
26,47,64
28,31,126,155
33,34,52,84,92,97,103
26,34,58,70,227
26,28,45,73
45,84,103,177,185
26,29,32,79,208
24,31,34,96,174,196,207
24,31,34,92,97,157
2,24,26,29,91,153
26,68,72,207
2,24,34,84,92,103,145,177
44,45,58
9,45,226
44,45,201
45,114
32,34,82,87,94,96,99,118,148,174,177,222
45,189
45
1,3,26,52,55,64,70,73,92,110,119,133,177,227
26,61,180,183
84,86,96,103,105,106,108,118,126,177,182,220,
92
2,26,28,33,45,86
24,34,52,53,54,55,56,87,92,106,177
45,164
19,24,34,45,58,97,125
28,44,45,61
2,34,38,44,45,49,58,94,96,111
26,27,34,44,45,64,73,92,133,143,151
26,34,53,59,96,120,125,134,140,177,192
0,2,24,34,38,58,92,124,125,178,182,
33,37,60,104
24,29,31,34,35,70,86,96,174
2,4,24,26,38,84,85,97,103,112,125,128
20,44,45
2,24,26,33,34,58,70
44,45,196
2,61,99,126,134,177
4,26,31,34,83,96,100,103,113,125,177
45
26,27,45,68,72,151,173
19,34,38,92,162,219
3,33,34,58,86,92,102,151,181,
52,53,54,87,96,156,177,207,
26,34,73,90,95,131
28,44,45,73,76,99,151
36,38,44,45
44,45,76
45,82
26,54,83,85,97,103
29,45,64,80,99,101
29,44,45,172
44,45,184,196
24,26,33,34,52,92,100,106,118,177
44,45,108
45,82
1,26,31,33,34,45,48,60,70,76,151
26,33,102,243,
44,45,70,196,203
0,31,54,91,105,133,177
2,26,29,34,56,58,77,94,120,125,133,177,187,208
26,31,76,187
28,44,45,104
15,24,26,45,69,83,87,152,159,177,240
26,45,68,91,126,131,248
29,33,92,249
26,45,196
86,177,252
25,26,64,91,92,112,121
27,34,70,78,108,120,143,146,151,
34,94,96,121,126,131,163
26,68,111,186,249
26,45,72,196
44,45,192,239
26,72,76,79,143,144
26,73,77,91,254
32,66,86,92,126,143,157
68
29,45,201
44,45,78,188,277
96
34
29,92,94,126,151,153,174
44,45,211
23,26,61,92,125,248
0,2,26,33,34,52,56,85,87,100,140,178,202
44,45,61,64
45,88
29,31,32,45,108,122
2,24,26,37,52,68,84,92,177
26,34,52,92,95,97,103,112,125,126,142,197
45
45,83,84,100,103,106,108,128,146,177,229
29,33,64,96,
45,52,84,85,118,126,177
13,15,45,85,100,116,133
29,45,61,66,98
45,199
24,37,38,52,55,83,96,142,146,174
26,28,49,70,92,130,207
26,58,87,92,100,143,174
45
2,24,26,70,83,85,103,116,126
2,26,34,55,96,120,177,222,
19,45
26,33,34,45,58,91,96,127,169,218
273
26,34,52,84,85,92,108,110,119,120,128,177,211,224,
92,96
2,24,26,27,34,84,92,96,100,117,118,128,139,178
26,28,55,83,92,94,97,103,105,207
92
2
26,92
2,4,26,31,33,45,101,123
34,58,70,78,86,92,112,153,187
44,45,69
10,92,112,116,207,273
34
45,107,232
26,33,207
23,44,45,86
26,32,58,99,101,121
13,14,26,58
35,44,97
2,9,23,26,29,33,44,45,91,108,125
44
53,84,87,99,103,125,176,177
27
68
44
44,45,146,196
76,123,143,197,236,249
26,29,31,33
26,29,45,49,58,110,180,222
28,33,41,44,45,95,99,102,131,139,195,249
45
3,26,80,143,147
32,34,102,112,143
25,26,95,96
2,24,26,34,111,125,207
45,234
45,187,250
79,135,197
2,36,44,45,157
24,44,45,86,187,196
2,15,24,26,29,33,34,35,38,82,94,96,174,177
44,45,214
2,24,33,34,37,84,85,87,91,94,103,177
29,32,33,34,76,91,92,122,220
26,29,84,87,146,152
44,45,82
3,26,34,45,62,92,96,111,124,254,
20,26,29,34,61,96,153,178
96
9,34,96,130,133,168,236
27,52,56,68,85,118,134,141,142,167,177
0,2,19,27,33,34,61,96,102,130,221
3,28,44,45,61
26,27,33,45,73,143
29,32,34,96,161,227
2,26,27,68,73,91,92,94,97
19,24,31,33,34,52,53,63,68,84,96,97,102,103,123,140,151,161,166,168,185,192,207
24,34,84,92,116,118,140
26,29,34,68,92,94,120,123,136,145,146,153
24,26,34,52,87,97
24,32,34,70,78,91,92,111,207,273
31,44,45,211
2,26,70,92,96
34,92,96
44,45,76,92,121
273
27,34,55,97,128,140,197
44,45
23,44,45
2,92
44,45,58,239
230,273
20,44,45,73,111
44,45,184,196
44,45,134,278
45,190,207
26,72,153
31,45,69,76
45,225,250
26,44,60,99,144,153,169
25,44,73
35,44,45,
31,44,45,90,126
2,26,99,116,235
44,45,122,123
44,45,91,121,122
44,45,236
19,45,207
2,26,28,33,34,91,99,207,221
45,60,111,143,187
44
13,44,45,158
26,34,53,97,103,125,193
44,45,85,192
26,34,52,61,83,96,97,103,113,119
45,190
44,45,214
2,24,29,72,77,92,99
26,34,56,102,111,153,198,254,
73,94,166
70
24,97
2,15,26,34,45,55,83,84,86,87,96,128,152,177,199,209,
45,65
92,120,151,177,
29,52,53,64,83,84,85,99,103,106,112,118,128,135,152,177
44,45,96,97
2
34
24,28,92,151
20,25,29,44,45,182
2,23,29,33,34,86,92,97,120,154,202
33,79,182,264
33,61,174,208
26,73,154,192
28,44,45,61,113
26,41,92,151
135
2,26,67,76
2,34,38,58,163,187
45,88
135
4,26,27,33,45,95,113
26,27,33,96,133
45,116
2,22,26,34,45,70,83,84,94,97,106,192,197,224
1,27,33,34,96,97,104,133,192,226,269
26,33,38,113,121
26,34,52,84,91,92,97,128,129
24,26,31,33,91
4,15,24,26,34,91,92,96,125,146,177,202,254
24,26,34,53,64,83,84,96,99,118,125,177
44,45,192,211
2,8,20,33,34,70,94,102,108,125,131,169,208,248
61,77,91,92,111,124,162
24,33,34,41,64,92,133,146,254,
2,3,24,34,86,96,133,187
2,34
273
92
44,45,47,123,
44,45,134,266
26,28,45,72,121
25,26,44,45,109
24,33,66,73,92,151,179,211
26,28,34,55,70,77,97,112
15,45,52,55,56,64,79,97,110,113,125,152
45,130,188
24,34,44,76
2,23,31,44,45,72,112
23,31,44,45,76,172
26,45,58,92,144,207,222,248,264,
45,114
45
26,70,76,96,121,248
26,27,91,94,195,248
61,112,121,160,221,271,
45,88
27
33,68,112,126,224,264
24,26,29,57,64,76
13,25,28,29,33,34,45,61,124,254
79,99
22,29,83,97,99,118,222,228,260
45
45,112
23,44,45,176
44
15,63,81,96,99,108,195,222
58,127,149
2,26,29,45,83,100,116,117,118
2,24,26,34,70,83,92,103,118,141,168,177,252
3,9,45,96,145,218
19,45,188
44
26,28,38,44,45,61,125,148
37,84,85,97,100,125,128,
2,26,34,97,129,187
44,45,109
44,45,160,203
20,26,29,33,34,61,66,86,92,97,135,264,
25,33,92,112,144,163,187
15,92,99,177,
2,15,24,33,70,84,85,87,91,101,103,108,177,202,
2,15,26,33,34,96,133,151,153,161,168
45,54,105,177
1,22,26,34,55,68,84,97,224,264
45,226
19,24,26,34,68,83,87,92,177,224
26,28,33,77,83,84,91,92,97,100,142,149,254
26,32,33,45,76,145,207,254
19,45
13,26,33,34,35,61,91,92,111,125,149,154,224
2
45,199
2,26,34,84,91,92,94,97,112,115,128,228
2
2,26,33,35,44,45,58,91,174,207,209
26,34,61,92,125,177,261
1,2,26,76,92,99,121,123
92,
26,172
3,24,28,33,34,58,96,224
26,33,70,72,92,120,166
26,172,
0,10,33,34,44,45,55,92,102,108,130,161,165
25,26,34,92,165
26,33,34,45,70,92,148,201
2,68
2,14,20,29,34,53,73,84,91,92,94,97,125,126,152,160
113
92,273
61
61
19,45,123,188
26,76,188
44,45,121,155
15,26,27,53,83,84,85,120,177,228
45,47
15,22,26,87,97,108,118,125,128
44
26,73,76,211
19,24,45
14,26,29,32,33,44,45
2,26,70,97,103,117
23,31,44,45,82
23,26,57,58,207,208
20,23,26,29,32,49,73,96,99,211
2,23,44,45,64
26,29,33,45,195,226,249
2,26,66,112,163
14,26,111,153,254
34,53,55,85,92,97,102,126,156
26,34,55,87,97,149,185
45,95,96,172
24,45,96,97,208,222,264,
24,34,96,177,207
2,34,38,41,66,92,146,156,174
34,54,86,96,105,144,177,178
10,45,58,77,91,208,222
32,45,88
44
45,189
26,76,207
44
2
2,24,34,92,99,112,124,126,243,249
29,44,45,58,72,99
55,83,86,92,177
9,24,34,92,116
15,44,45,58,157
2,34,72,86,92,94,99,146,
45
45,250
15,33,34,92,102,129
26,34,45,124,134,220
25,44,45
2
44,45,77
26,33,34,73,92
36,44,45,
44,45,64
279,
34,61,92,102,121,163,208
2,32,33,45,78,96,161
1,27,33,34,83,92,103,120,177
0,2,26,34,38,70,77,96,110,111,113,123,126,151,177,187,220
2,15,24,26,27,52,83,85,92,100,152,165,177
1,24,34,53,83,87,92,95,103,151,177,227,254
2
2,12,92,121,135,177,218,269
29,34,83,84,87,92,177,202
45,189,239
24,26,29,33,34,35,83,92,96,102,207,209
3,24,34,96,120,178
96
31,44,69
45,99
35,44,45
44,45,134,278
10,26,80,126
45,65,164,246
26,33,64,73,95,109,143
26,76,111,187
23,26,32,34,64,96,111
44,45,72,196
45,68,114
35,44,45,
26,33,44,45,131,271
44,45,109,196
26,33,34
26,33,89,122,124,145,197,264
9,12,24,26,37,70,90,97
23,34,84,95,97,103,119,152
24,34,52,54,96,140,177
56,71,84,85,101,105,128,177,187,228,235,
20,27,29,34,84,97,101,119,120
45,77,78
19,45
2
2,34,53,61,103,117,177
44,45,102,156
33,44,45,91,187
44,45,91
4,14,33,61,96,109,143,155
44,45,58,121
23,24,26,30,31,33,45,92,99,108,110,207
45,246
26,85,87,96,141,177,202,
45,61,64,102
44,45,192,279
28,45,104
24,26,45,58,64,92,96,169,187
23,34,35,56,91,92,98,130,254
45
22,34,55,76,92,94,146,177,254
1,22,34,52,78,83,84,87,92,111,112,125,128,166,177,202,220
26,91,123
2
2,26,33,44,45,58,77,92,102,187,236
45
28,96,103,112,177
34
1,29,78,92,108,111,151
92,
45,114
2,26,34,38,52,84,92,97,99,103,110,136,141,145,152,165,177,252,273,
34,92,94,120,177
44,45,53,83,111,117,140,177,221
1,23,24,26,34,68,92,94,126,218,248
2,15,33,61,92,96,209,220
44,45,64
2,24,33,34,47,70,96,177
26,32,34,49,76,92,109,125,197,207
26,33,34,58,70,73,96,102,125,133,151
45
20,26,33,41,49,63,96,252
23,29,45,134,192
24,25,26,34,58,70,73,84,96,97,100,103,108,112,119,163,207,235
45,99
44,45,207
32,41,123,157,180,197
25,44,45
4,13,14,29,33,61,151,249
31,34,41,76,96,120
44,45,47,207
17,45,66,130,156
44,64
20,26,33
26,248
20,29,31,32,45,73,96,99,176
26,31,64,95
26,34,35,96,108,112,195
2
24,34,125,177
2,68
44,45,108
45,199
78,99,108,143
26,70,72,91,254
44
44
45,189
13,23,26,31,32,33,86,99
84,92,140,177
3,29,32,33,96,
0,29,34,60,61,66,81,126,186,195
26,96,121,123
2,19,34,53,96,103,120,125,126,140,141,177,264
26,54,84,85,87,105,112,120,177
96
45,196
15,24,26,33,34,55,83,96,128,152,177
26,68,90,91,102
2,26,28,34,91,98,130,154,280
28,44,45,90
45,145
45,226
34,70,94,99,207
177
33,71,99,104,121
26,34,78,96,103,117,177,185
52,87,92,100,116,134,264
45,246
20,25,96
45,101,220
2,24,26,83,87,92,177,227
2,4,24,34,92,99,112,143,163,211
24,26,34,38,68,81,87,96,111,125,133,134,142,146
44,45,76,161
34,92
29,92,128,153,177
2,92,220
45,189
2,26,29,72,99
19,29,58,120,125,
34,52,53,86,96,97,118
33,54,100,103,116,118,142,177,
34,82,96,108,135,146,195,254
174
0,2,86,195
45
23,26,29,32,76
2,26,34,68,96
26,33,35,72,92,187,248
22,24,26,34,84,96,97,133,165,254
44,45,61,84,87,106,116,140,209
24,113,116,122,254
24,28,33,92,99,192,197
85,96,102,117,125,136,177,280
29,34,78,96,111,116,133,248,254
34
9,29,34,58,96,123,161
24,26,94,96,97,108
2,22,27,32,33,34,53,92,97,100,140
92,215
15,24,33,84,85,97,112,152
34,96,
92
13,45,91
26,28,52,55,61,83,96,103,128,140,142,177,220
19
92
92,
34
92
92
34,92
168
44,45,214
26,33,70
26,44,45,105,177
45,208
44,45,211
26,152,177,228
2
44,45,76,82,99
44,45,111,211
26,47,91
45,69,76,144
26,32,45,58,76
2,26,45,91,111
36,44,45,52,84,97,100,103
26,34,122,123,143,187
26,33,38,125,214
32,45,58,102,146,222
27
35,45,163
14,45,97,99,125,197
26,66,72
0,3,26,29,32,70,73,96,113,151,208
28,34,72,83,84,92,97,115
44,45,121
3,26,33,54,73,83,86,92,113,140,177,235
27,33,34,77,96,108,211
26,34,45,78,111,149,222
2,26,32,45,66,70,102,154,207
19,32,34,55,83,85,87,99,140,144,177,227
2,23,26,86,111
32,34,66,90
2,26,34,64,68,195
45,199,
44
174
22,26,34,55,84,92,103,105,118,120,140,142,168,177,208,228
25,44,45,91,104
26,45,95,176
26,96,124,126,146,159,161,196,209,227,280
102
72,104
2,33,86,92,121,145,209,216
125
0,2,26,32,34,58,70,73,77,96,113,185,207,264,266
34,92,97,215
45,234
26,29,34,41,53,54,83,85,106,112,177,228
26,92,145
1,3,27,54,70,84,85,92,106,116,118,120,140,
26,31,34,44,45,160,187,208
24,26,28,29,31,32,45,110,122
2,26,34,72,90,92,116,117,160,202
2,20,33,58,73,96,133,207
45,72,114,164
26,58,61,90,91,208
45,
33,34,44,45,53,85,92,96,97,140,167,280,
27,68
12,24,26,29,33,35,130,
45,96,120,127,177,227
2,26,64,127,144,187
10,60,92,99
33,34,45,58,71,86,92,151,181,
181
23,24,29,33,34,83,92,96,99,102,116,118,161
70,72,73,227
34
34,61,92,112,177
2,26,37,58,81,129
96
19,33,34,70,92,96,121
20,33,92,112,123
0,20,24,29,33,34,38,41,96,126,163,218
23,44,45
33,44,45
44,45,188
45,102,125,126
2,68
26,45,56,76,115,126,144,163,195,222
45,145
26,61,76
9,24,26,67,111,126,149
2
26,34,38,58,92,211
45,65
36,44,45
2,19,34,52,55,104,119,131,177,254
44,45,76,123
28,45,109,151
44,45,71
26,34,57,84,87,97,103,105,112
73,154,222
26,27,29,45,91,224
33,55,57,84,97,99,100,103,110,119,128
2,26,33,84
29,32,45,57,92,153,236
29,58,122,125
2,3,33,45,58,222
2,26,35,49,56,76
26,29,33,34,68,76,85,119,128,135,177,185
45,199
0,79,96,136,264
24,27,34,70,96,97,119,122,148,152
83,84,94,97,103,119,152,198
15,34,41,55,58,86,92,96,117,140,177,222,235
2
28,33,126,155
91,120,145
24,34,92,220,263
24,26,34,45,92,118,128,152,177
2,14,26,33,45,68,153
2,20,22,26,27,44,45,76,84,100,116,117,119
2,24,34,83,92,102,108,119,152,177,179,252
25,44,45,61
13,19,34,70,71,96,106,117,118,177,185
24,52,55,83,118,177,254
25,44,45
29,44,45,76
34,87,118,177
96,97,126,249
27,68
2
34,45,86,92,95,102,111,143
34,45,91,145
19,24,96,163,195
45,250
24,26,34,52,61,83,91,92,117,128,140,178,263
26,34,128,142,177
1,8,15,19,26,27,28,33,34,45,54,55,57,68,78,83,84,96,104,112,118,120,125,140,177,185,189,192
26,34,61,92,96,125,187,207,214,227
2,26,33,64,108,143
45,189
265
24,33,34,92,97,
25,35,84,92,124,125,144,187,211
2,3,24,45,92,96,103,105,118,126,128,140,153,177,178,224
44,45,101,250
45,61,65,107
24,26,34,48,73,92,102,125,133,136,151,181,264
13,34,83,85,96,177,220,249,
2,24,26,33,34,207,226
2,26,33,34,61,64,92,125,
10,29,33,34,133,135,195
2,27,33,34,55,96,97,103,118,133,140,254
165
58
36,44,45
44,45,272,279
44,45,82
26,34,72,78,211,219,222
26,33,148
31,45,126,143,151
2,29,34,37,54,84,94,96,97,106,144,146,197,
45,114,189,
2,26,45,73,95
26,76
44,45,77,123
44,45,134
44,45,73,86
45,164,189
45,234
23,44,45,73,76
32,44,45,
4,27,52,53,57,103,145,152,177,254
19,25,35,45,62,104,145,188
4,26,34,70,76,79,143,157,222
33,44,45,
68
24,29,33,92
19,29,34,58,76,99,109,112
14,23,29,91,95,197,208
56,68,79,86,96,264
69,71
26,54,103,128,142,151,176,177,213
29,34,92,96,124,126,156
44,73,134
44,45,77
44,221
79,96
2,34,83,84,85,86,97,113,152,220
92,122,218
24,34,96,97
44,45,211
2,26,123,221,245
29,34,58,96,112,125,151,163
15,24,34,52,85,92,96,97,103,126
68
45,187,250
2,20,24,26,33,34,64
24,33,96,123,222,254
4,34,71,84,85,87,96,99,112,177
2,15,26,29,33,68,99,111
92
28,44,45,61
2,24,28,33,34,55,57,64,84,96,177,
34,58,91,96,151
174
1,2,26,28,29,34,61,64,70,71,112,135,151,159
26,38,127,159,187,192,201
2,26,44,45,61,66,145,146,174,224
19,31,34,56,60,61,63,66,92,110,146,159,
26,35,45,66,76,134
26,32,45,95,123
2,19,26,27,34,49,70,108,143,153,193
2,15,24,26,29,30,32,33,34,58,63,66,68,84,96,101,119,162,174,177,208
20,78,92,129,224
24,45,123,226
174
20,33,34,41,92,94,104,254
20,33,79,
2,20,33,34,41,58,61,70,96,108,121,134,202,
2,26,29,58,61,187
26,36,45,121,218,239
25,44,45,134
44,45,76,109
45,114
26,45,111,153
26,31,33,249
28,29,34,58,61,96
25,44,45,133
92,94,120,126,215,248
45,47,76
31,44,45,196
44
44,45,77
45,82
23,26,28,34,72,91,99,125,143,146,176
143
13,144,153
29,45,52,53,81,83,84,87,97,99,152
14,29,102,125,145
26,35,73,81,91
45,146
26,29,77,91
44,45,123,266
26,34,52,83,92,97,119,211,264
26,61,91,218
26,29,41,91,92,110,143
44,45,91
2
31,96,153,207
26,54,85,87,105,112,120,177
68
22,33,34,92,100,103,108,152,177,280
92
2,24,26,28,34,54,58,64,83,92,100,112,151,177,228,266
0,20,26,27,29,33,34,41,57,86,92,146
31,44,45,80
92
32,45
2,34,52,61,96,97,100,103,117,125
28,44,61
26,45,52,83,152,177
2,24,26,34,54,68,92,119,152,177
4,26,34,55,63,84,92,96,140,177,185,211,
2,23,34,78,91,113,151,220,249
1,20,24,28,33,34,44,45,64,73,92,
44,45,84,87,146
24,34,92,97,99,112,120,
26,92,101,112,177
23,26,44,192,211
26,27,33,34,45,70,111,130
2,3,24,58,61,96,207,224
44,45,192,279
24,34,92
34
2,24,25,26,33,34,35,38,61,71,86,92,121,126,151,163,177,187
0,2,32,33,34,35,83,85,86,151,177,185,227,
2
135
26,29,66,92,120,129
68
2,24,34,67,91,96,127,135,151
45,107
34,96,111,153,166,216
26,33,34,58,61,70,96,161,236,280
45,250
44
2,26,27,34,83,91,92,112,118,128,142,151,177
2,24,33,34,60,61,92,181,248
2,24,28,34,38,45,91,96,209,213
24
34,92
215
3,58,96,174,209,224
2,24,34,68,86,90,92,96,124,126,127
33,44,45,143,192
13,20,24,33,34,41,47,94,96,102,104,112,125,146,169
2,18,33,34,41,58,70,102,174
44,45,91
19,25,45
76,197
45,134
226
26,45,160
44
44,45,82
44,45,134,278
45,76
27,34,38,58,102,161
29,31,45
44,45,123
45,88
45,90,109,
45,107,114,164
0,23,26,27,102,108,143,254
23,45,99
26,33,91,121,161
27,68
29,33,34,78,124,127,145,149,174
26,83,84,87,152,177
26,92,94,224
24,26,125,177
45,69,76,99,109
33,58,99
3,22,52,54,55,70,83,85,87,177,235
28,33,45,151
44,45,91
56,97,109
45,55,103
4,26,60,62,64,91,99,111,125
2,31,34,36,45,92,126,144,161,165,177
26
2,33,34,84,92,97,102,182,211,281
31,45,98,121,126,163,208
26,28,29,34,58,61,68,92,98,153,193
3,45,108,112,156,189
27,68
26,35,70,163
44,45,72,102,130,269
24,28,33,34,45,64,92,116
29,31,32,34,56,67,96,124,163
26,73,90,91,102,155
2,26,33,64
44,45,91,134
4,25,26,34,91,96,146
29,92,102,112,222
91,99,125,144,207
9,34,53,58,70,77,91,92,152,168,177,248,265
26,172
24,26,33,34,113,124,163,166,181
24,26,27,34,41,58,92,116,145,207,254
24,32,34,45,55,103,104,119,125,140,152,177,181,185,235,249,
0,2,24,32,33,34,91,96,102,181,202
2,32,34,52,55,76,96,97,103,104,140
44,45,112,121,187
44
34,96
2
96,121,226
1,57,62,73,92,128,140,177
4,22,34,54,84,85,92,99,105,113,177,185
15,24,26,27,28,34,96,102,121,202
2,29,33,34,41,96,108,113,135,195,224
29,33,34,38,49,61,66,92,96,
24,34,83,85,96,112,118,119,140,141,178
15,92,226
24,27,34,68,83,85,92,112,118,142,165,177,265,
2,61,83,96,98,99,106,116,125,151,
24,70,92,120,165,177,202,
2,34
26,47,77,92,127,174
84,87,99,177,207
34,92,165
9,79,80,86,96,99
45,99
45,114,225
44,45,64,82,123
2,4,26,56,84,90,96,99,105,140,177,215
96
19,45,71,76,207
19,45
68,105,117,177
45,199
45,199
2,26,34,52,61,99,106,141,142,151,153,177,222
23,26,121
26,76,91
36,44,45
44
45,81,101,239
44,45,76
29,31,44,45,121,242
23,26,31,195,225
4,26,29,31,58,91,163
41,57,96,111,177,254
22,26,34,84,86,92,94,97,106,113,141,152
44,45,73,130
96,113
26,33,34,92,108,163
45,57,84,97,103,117,130,152
31,34,57,68,70,92,94,97,102,122
15,24,92,99,112,177
2,34,38,58,61,70,73,92,126,151,181
2,20,22,26,27,34,53,68,70,96,103,177
29,41,126,151,155,208
2,32,153
2,24,33,34,97,135
45,68,101
19,45
44
26,61,70,163
26,109
13,26,35,76
45,164
33,163
28,44,91
2,24,29,96,
52,53,83,92,118,140,145,152,177,211
2,26,27,28,33,34,36,44,45,70,95,123
26,32,33,34,57,58
15,19,23,26,33,34,92,96,125,134,146
78,92,109,143,220,271,280
68
19,44,45,54,85,103,152,177
27,33,35,68,92,99,102,112,134
36,44,45
28,44,45,86
2,24,34,92,181,207,209,236
33,34,96,120,126,227
45,58,73,83,96
2,26,49,76,92,103,111,120,152,177
44,45,85,214,239
15,70,84,96,97,103,105,140,209
58,78,92,99,104,112
1,34,92,96,100,108,116,120,
4,15,22,26,33,45,53,83,96,100,105,125,128,177,228
26,31,76,254
24,34,52,73,85,96,100,142,177
96,
2
96
2,31,96,157,161
15,45,72,96,115,129,177,
34,92,97,151,207
2,8,26,27,29,31,33,34,41,57,61,71,91,92,96,120,151,182,197
2,26,34,52,53,61,64,84,87,100,152,177
2
35,58,64,99,112,145,224
25,28,70,78,91,92,104,215,
2,15,19,31,34,61,66,96,109,120,130
2,26,33,79,177
2,28,29,44,45
1,2,4,24,34,57,78,96,97,144,264
92
24,33,92,96,130,182,197,207
45,70
24,26,29,32,34,61,63,68,92,96,100,101,110,123,125,142,152,177,178,179,207,
34
9,44,45,102
45,78,99
9,44,45,47
2,22,24,26,29,31,32,33,34,35,36,54,83,84,85,96,97,100,113,121,135,140,168,176,202,230,254,263
26,47
36,44,45,91,239
29,31,33,45,56,76,92,125,143,176
45,199
26,34,45,70,102,187,192,216
45,199
26,76,134
45,226,282
19,28,44,45,73,131
26,52,83,84,97,111,128,280
14,44,45
20,28,29,45,111,207,214,242
25,26,68,109,111
26,53,84,152,177
33,34,52,84,94,97,99,105,141,209,254
31,44,45,129,196
104,187
254
2,26,33,34,254
68
9,15,26,102,125,163
8,32,45,58,99,122,254,
26,29,32,99,102,207
44,45,68,77
29,91,94,124,195,215,222,254,
1,33,61,76,78,96,163,225
68
13,26,54,83,84,87,105,120,177
15,26,34,68,83,87,96,97,103,105,128,176,260
96
44,45,61,192,239
264
45,98,126
72,92,94,177,249,254,
54,83,84,100,103,119,140,177
2,24,34,58,61,92,96,98,207
44,45,73,81
31
2
45,190
207
23,26,72
44,45,214
83,96,129,152,177
2,26,45,52,84,97,99,140
26,33,61,76
34,58,91,99,123,202,207
2,68
2,26,116,254
26,28,102,108,110,143
23,86,99,104,111,133,153
44,96,130
10,26,34,58,64,66,73,92,104,260
45,187,234
33,61,96,174,224,280,
26,29,31,35,45,61,96,207,248
13,44,214
29,34,45,79,97,130,252
4,15,26,34,44,56,83,87,92,100,105,116,140,142,148,211
26,33,34,86,92,99,111,116
25,44,45,73,208
92
26,29,33,91,92,97
24,96,97,165,215
22,26,84,94,97,112,128,235
2,9,26,33,77,79,86,96
26,96,144,146,151,174,209
96
45,92,
215
2,34,45,68,97,99,122,123,177,202
45,189
2,26,33,34,61,64,78,96,111,169,196
20,24,52,53,70,84,96,100,112,152,177
29,34,52,54,85,96,104,125,177
96,
34
45,75,90
26,111,120
26,28,33,34,211
45,76,248
45,232,276
26,34,37,52,55,77,83,84,85,100,103,108,120,133,156,177,224
26,91,102,113
26,55,84,87,119,140,177
45
26,76,187,207
4,13,177,222
23,26,45,73,76,97,141,142
23,45,120,234
26,71,99,109
26,34,83,142,177
44,45,81,134,256
26,49,58,81
44
28,37,44,45,61,64,91,99,145,176,188
31,44,45,187,207
44,45,68,73,144
27,68
29,30,34,44,45,66,69,77,92,110,120,283
92,126,145
99,144,236
45,199
62,73
26,27,58,61,99,134
2
24,26,84,92,97,103,141,152
44,45,113,123,226,242,284
32,33,92,176
197
23,28,68,79,127,151,181,264
2,23,29,34,52,84,92,103,105,125,128,163,177
2,26,34,84,87,97,105,113,128
86,92,118,126,134,177,252
24,143,207,282
3,26,34,45,83,97,118,152,243
3,24,26,38,53,84,96,97,103
15
3,23,32,33,34,45,97,99,126,140
3,33,34,83,84,92,103,108,112,118,177
26,29,34,35,67,86,92,103,112,137,181,264
33,34,44,45,50,64,77,92,94,148,249
3,26,31,148,154
26,34,72,73,78,94,96,113,151,167,181,208
44,45,49,77,172
45,190
31,92,96,163,177,208,220,222
33,35,96,151,220
26,68,97,220
44,45,61,91,102
2,145,282
34,37,52,84,87,94,112,120,152,154,177,192,216
27,68,112,151,177
29,45
27,68
68
2,15,24,26,34,68,84,102,177
2,27,34,53,56,83,91,96,99,113,117,125,159,165,177,202,280,
3,34,86,92,177
2,26,27,33,34,48,61,68,96,102,166,271
2,24,27,34,83,87,92,94,97,104,119
33,45,
2,26,33,34,53,64,79,177
24,26,34,92,139,207,209
92
2,4,24,27,34,38,54,68,83,85,92,96,97,128,140
70
26,72,97,121,166
20,26,45,187,211
26,27,73,78,92,121,213
45,96,99,109,285
26,29,45,147
26,34,47,134,161,252
44,45,102,134
188
26,84,188
44,45,124
45,65
45,73,76,86,94,121,145,176,283
45,226,
26,33,35,222
26,29,33,45,120,154
2,26,29,64,78,220
145,153,183
2,26,29,61,68,84,103,128,152,177
9,67,96,99,124,126,151,161,248
2,26,28,68,94,96,97,226
26,76,90
77,102,110,123,161,226
68
91,96,102,264
29,94,97
44,45,214
28,31,124,161,180,209
29,33,34,64,104,166
45,99,123,124,169
34,68,96,97,156,249
1,4,29,33,92,97,126,224
28,44,45,58,134
26,71,72,81,86,166,187
68,92
26,34,36,69,92,248
92
92
44,102
24,26,125,144,248,264
2,13,34,58,61,92,126,143
34
26,34,52,100,105,125,141,177
23,26,27,33,77,226
52,105,177
26,33,34,64,96
23,34,38,92,151,175,264,281
24,28,33,34,96,112,126
44,45,71,170,209
3,28,68,83,84,96,103,117,126,135,177
13,33,34,35,112,168,207
14,26,34,45,90,144,208
13,19,33,34,52,55,68,91,96,105,177,249,252
4,34,53,68,76,83,84,125,177,227
202
15,26,33,34,63,113,125,146,209
27,29,33,34,38,58,73,91,92,209,264,286
0,2,24,29,34,55,73,94,97,103,120,142,181,227,228
26,32,35,64,224
28,33,34,45,92,108,143
68
2
45,190
45,189
28,44,45,73
4,19,28,34,96,193
24,27,34,41,92,99,177
14,34,76,92,129,165,197
45,199
15,32,34,64,96,222
45,78,166
34,85,87,94,104,126,128,177,224,235
32,72,104,125,162,163,197,220
33,34,92,96,165
22,26,27,41,92,102,112,118,142,151,177
26,28,33,34,41,45,68,86,92,96,120,135,153,182,195,208,222
61,96,177
92,96
4,13,34,61,73,96,99,123,151
96,
2,26,33,35,64,70,96,112
45,91,127,
2,70,91,104,112,130
70,177
2,13,33,34,58,92,187
2,27,29,31,33,34,61,68,92,143,156,281
2,34,53,96,112,128,136,140,177
20,24,26,27,33,34,53,58,61,83,86,96,140,177
96
19,45,64,188
44,45,151,158
45,164,245,275
33,44,45,112
45,124
14,44,45,47
45,199
26,31,33,76,121
44,45,91,134
26,33,35,77
19,197,236
2,26,32,34,36,52,92,106,126,128,140,151,157,177,222,264
92
92,
92
23,44,45
20,33,34,45,58,83
45,58,121
26,70,84,87,97,103,118,228
23,44,45
26,31,187
45
38,66,91,161
15,26,31,33,34,125,248
9,33,64,92,112
27,68
26,27,34,52,53,61,83,92,97,100,103,202
1,4,34,38,64,73,92,94,97,126,127
0,15,26,33,34,92,96,108,195
44,45,81,103,192,239,256,
92
29,61
44,45,73,172
2,26,61,177
29,33,44,45,112
45,164,190,199
25,44,45
23,34,92,99,102,108,121
44,45,49,134
2,26,34,52,73,83,85,116,119,221
2,34,45,84,97,106,197,207
26,29,34,82,99,146
45,164
4,15,32,34,37,41,57,78,84,87,92,94,108,125,156,177,180,222,287
0,26,34,68,72,116,165,177
2,24,34,53,58,92,96,97,100,103,141,142
2,22,24,34,55,84,85,96,99,108,112,177,215
2,26,34,52,84,85,86,177,185
2,44,45,72,110,134,215,229
26,28,45,72,187
44,45,196
26,33,34,38,66,70,73,92,94,133,146,177,209,280,
44,45,91,104
26,28,45,68,73,146
26,29,33,34,77,91,99
28,34,38,58,125
20,24,33,34,61,73,96,102,146,202,207,254,
280
20,45,211
44,45,272,279
35,44,45
26,33,61,214
19,58,77
124
26,31,72,209
45,91,99,104,109,130
26,34,68,70,130,208
19,35,45,95
26,72,131,248
26,60,99
28,44,45,121
13,26,35,76,127
45,188,211
45,130
