0,1,2,
0,1,3,4,5,6,7,8,9,10
11,12
13,14,15,16,17,18,19,20,21,22,23,24,25,26,27
28,29,30
31
16
32
16,18
1,11
14,33
14
25,34
16,35
25,35,36
16
25,33,34,37
38
26,31
0
2,10,28,39
40
18,40
18,28,34
14,20,34,41
28
16
5,28,29
5,16,37,42,43,44
0,6
0,18,45
31,46,47,48
17,20
10,46,47,48,49,50
49
26,46,47,48,51
46,47,48
47,48,51,52,53,54
0,1,3,6,8,47,53,55,56,57,58,59,60,61
53,62,63,64
65,66
16,47,65,67,68,
65,68,69
51,65,69,70,71
26,51,68,69,72,73,74,75,76,77,78,
69,73
22,69,
51,68,69
69,79
75,80,81
51,82,83
5,51,84,85
5,76,85,86,87,88
13,48,51,63,85,89
19,68,90,91,92
68,93,94
69,85,95,96
14,48,85,97,98,99
15,28,38,40,63,100,101,102,103
68,79,85,92,104
48,68,84,105
5,25,45,52,67,85,106,107
48,69,108,109
28,38,48,53,70,110,111,112,113
5,103
69,
5,68,73,107
114
16
5,20,48,85
46,48,68,69,115
40,48,103,116
48,103,117
0,20,25,68,73,107,118
8,10,14,23,46,48,84,109,119,120,121
51,68,74,85,106,122
8,15,48,107
8,48,85,95,103
48,53,57,70,89,103,107,123,124,125,126
82,120,127,128
5,24,76,128,129,130
5,48,51,53,111,116,131,132,133,134,135,136
114
39,47,53,57,68,96,137
69,70,83,92,138,139,140
5,68
94,114,141,142,143
114
92
46,69,76,83,92,144
34,70,82,90,92,130,145
51,74,92,100,116,143,146,147,148
28,29,30,143,149,150,151
68,69,75,80,85,152,153
33,51,57,72,109,127,137,154,155,156,157
158,
33,51,57,72,109,127,137,154,155,156,157
158
50,79,159
48,51,84,85,131,160,161,162
68,83,159,160
79,85,99,163,164
5,48,107,124,165,166,167,168
48,85,102,109
16,48,68,82,85,168
53,83,107,168
5,41,48,51,53,54,68,76,81,107,115,133,164,167,169,170
45,48,67,75,85
103,143,171,172
4,48,124,158,168,173
48,79,120,129,167,174
5,61,68,83,129,156,168,175,176
48,51,68,157,159,177,178
68,114,167,168,179
48,51,69,168,180
46,48,89,181
76,180
69,85,86,106,110,139,160,162
34,51,107,182
31,37,48,51,69,74,93,99,120,130,155,157,160,168,183,184
5,41,48,51,53,54,68,76,81,107,115,133,164,167,169,170
5,53,103,107,148,185
79,84
16,19,43,68,103,186
79
5,68,167,187
4,47,57,114,155,188
101
0,16,117,124,189
69,79,190,191,192,193,194,195
16,85,196
10,48,69,82,92,103,104,180,186,188,197
48,85,104,150
14,23,42,70,92,117,198,199,200
40,68,201,202
18,85,103,118,203
4,5,12,76,103,120,159,202,204
8,35,38,76,103,117,142
102,103,118,140,159
15,47,92,169,205
93,115,184,206,207
53,120,206,208
5,69,107,183,209,210
43,68,85,159,211
68,107,118,155,177,212,213
47,61,83,165,214
79,159,175,180,215
23,40,67,92,109
0,16,40,46,68,101
46,51,68,69,79,85,121,162,169,216
53,92,114,210,217
38,46,111
103
8,25,33,38,40,48,63,103,111
48,51,68,85,103
40,46,48,68,85,121,176,192,202,218,
34,47,48,68,70,160
48,111,164,219
92,115,159,220,221,222
48,68,101,165
48,76,92,159,223
43,90,92,111,124,143,180,224
5,138,139,215,225
92,
92
112
5,15,48,103,109,119,210,226
51,85,92,227
14,23,42,70,92,117,198,199,200
48,68,79,82,83,92,111,209,227,228,229,230
15,19,48,68,69,82,85,92,215,231,232,233,234
34,70,83,92,101,110,114,129,167,235,236,237
47,92,93,102,114,121,180,215,218
92,107,123,138,238,239,240,241,242
76,77,78,93,114,121,127,154,180,210,243,244,245
9,29,78,83,92,99,107,144,246,247,248
4,51,85,103,168,249
51,68,78,83,244
16,229
53,68,69
4,50,68,85,168,250
42,51,85,123
46,51,85,107
33,117,121,168,251,252,253
25,82,85,92
46,48,51,76,103,107,254
92,188
5,22,38,48,51,63,68,79,83,85,93,107,123
48,68,84,85,159,235,255
25,40,46,68,82,107,211
18,46,68,124
5,25,48,69,102,103,129,135,159,205,256
0,15,82,93,103,121,193,232,251
5,29,51,148
48,85,90,145,186,254
48,64,85,244,257,
79,83,105,157
5,235
18,68
48,50,68,107
160,168,258
46,48,155
63,69,107,108,168,174,259
47,48,93,121,169,260
48,93,260
69
126,261,
188
5,85,103,107,167
48
42,51,63,67,83,92,231,250,262
48,68,167
48,68,85,165,201
48,69,76,101,121,161,202,263,264,
48,159,202,265
46,83,107,108,120,168,257,263,
42,68,85,138,139,257
127,139,251,266
18,40,68,85
48,51,68,85,121,254
10,13,46,67,92,118,144,160,172,224,242
15,48,168,179
6,48,180,185,198,202,210,219,267,268,269
25,80,104,228
121,263
15,25,33,67,70,120,167,209
42,51,80,103,139
24,92,139,187,270
48,68,159
83
8,14,34,40,42,46,48,51,61,82,88,89,92,103,111,117,130,168,190,201,218,271,272
19,68,69,124
4,64,83,107,127,177,183,186,197,202,210,242,244,256,273
33,35,48,72,78,90,159,210,263,274,275
5,18,103,270
48,68,103,104
5,48,82,164
0,15,25,39,46,51,110,118,129,159,160,176
6,41,46,48,57,158,186,205,227,276,277,278
48,69,83,141,144,167,169,190
23,48,51,72,108,157,169,202
85,103,124,209,
8,14,46,47,48,92,111,117,130,201
219
34,42,82,92
48,53,101,136
5,23,48,51,53,69,76,84,92,154,168,169,232,269
25,82,124,167,202,249
68,69,107,164,263,279
48,51,53,114,133,210,216
5,23,107,124,125,159,206,209,255
42,68,69,121,168,186
51,85
18,68,85,104,280,281,282
51,68,69,83,120,155,157
16,68,262
4,48,53,69,70,72,83,103,107,129,168,169,184,197,202,220
51,68,107,237
48,76,85,92,121
4,48,53,69,70,72,83,103,107,129,168,169,184,197,202,220
51,83,125,159
4,48,51,68,69,121,158,159
34,48,68,85,87,254
50,85,167,169
23,51,120,207
48,53,72,85,212
34,68,92,212,283
53,62,85,127
5,16,18,25,78,83,85,92,107,111,282,284,
16,68,85
48,87,114,168,180,285
46,48,114,169,174,254
4,46,48,83,92,235,276
5,69,123,156
4,5,10,48,68,83,92,107,111,159,229,286
5,9,48,69,76,84,107,159,184,204,210,221,224,
287
68,82,87,92,226
46,80,249
75
85,124,198
48
85,118
121,156,184,220
48,51,92,168,282,288
16,85,103
5,30,48,83,92,206,244
82,114
43,67,68,85,90,178
5,76,107,117
4,5,51,84,103,167
14,48,51,76,114,119,143,222,247,289
8,18,68,85,103,180,290
43,63,104,234
4,227,288,291
18,43,92,
48,86,92,117,119,221,231,292
40,48,85,
68,85,87,169,210
43,69,107
5,48,70,103,111,117,252,293,294
41,85,295
18,47,68,69,70,72,79,83,93,296,297
15,48,165,176,192,202,282,298,299
23,25,92,111,224,298
12,51,63,231,256
254
40,76,103,229
5,25,74,145
47,48,68,69,93,99,121,133,144,168
48,68,159,282
76,159,167,231
83,120,167,190,228,249
5,68,92,103,124,192
48,68,85,110
48,51,61,67,114,143,251,263,283
75,202,231,
40,92,99,175,192,252
44,47,48,67,92,108,114,155,180,188,210
24,48,83,186,205,300
75,202,231
41,48,82,166,186,291,294
69,120,301
9,107,160
92,
39,117,144,209,256
41,103,107,120,124,145,210,259,276,297
25,48,92,102,114,117,192,201,210,221,233,262
12,33,70,78,82,85,202,246,287,302,303
5,46,87,110,114,144,176,177,202,213,241
47,72,78,92,114,123,197,265
28,85
48,68,107,129,168,272
85,141,209,304
5,48,107,168,177,272,305
14,48,51,84,85,93,103,121,306
48,78,85,107,108
67,82,83,274
51,85
4,47,51,57,83,92,169,202,225,307
5,46,48,53,69,85,155,238,305,308,309,310
28,48,53,61,69,70,72,76,79,80,99,107,110,149,168,183,202,311
12,53,76,85,107,
48,68,85,113,123,148,251,255
16,53,83,85,92,283
8,10,25,85,
4,27,48,76,92,93,168,279,307,312,
51,83,92,168
53,92,160,221,308
48,68,107,169,206,254
48,85,90,192
34,48,79,105,117,210,224
40,46,48,51,68,107,133
68,84,85,228,313
16,46,68,85,118,176
14,16,64,68,85,87,92,102,210
10,48,68,69,83,101,160,167,209,251
40,48,61,79,111,145,242
48,69,83,107,125,185,206,310
68,99,159,314
5,16,85,103,133,229,236
24,48,82,92,93
48,119,120,212,229,315
5,18,48,68,76,83,101,117,124,148,186,201,232
68,87,271
90,92,316,317,318
51,92,111,141
53,69,70,110,190,202,319
5,48,61,68,75,85,103,126,129,168,177,179,206,210
5,45,51,53,101,107,120,165,300
8,38,48
48,72,85
16,46,51,53,68,107,164,174
23,83,84,90,92,165,238,320
46,48,51,92,103,107,110,118,143,155,164
34,68,85,269,321,322
48,68,84,323
85,103,324
53,92,169,204,210,287,325
48,68,72,85
4,5,40,75,92,107,138,258,275
33,48,79,80,101,121,138,221,326
104,135,276
57,83,89,107,121,169,189,231,323
2,46,83,109,155,159,209,235,255
5,39,76,84,92,110,168,210,327,328
48,51,84,92,101,175,238
10,61,82,92,139,169,252,295,326
14,246
51,74,107,179,210,238
40,48,68,155
6,48,69,83,102
42,48,51,92,114,143,168,170,175,179,210,221,276,307,329
14,37,48,61,64,68,72,76,83,92,93,103,111,114,142,168,180,188,210,224,252
93,103,104,121,144,145,159,175,218,232,255,330
25,48,84,85,142,162,216,229,251,326
53,70,92,116
48,61,68,94,202,262,331,332
46,68,85,192,332
48,53,68,83,85,96,105,117,178
68,85,104,251
67,82,85,162,168,203
43,82,92,333
43,48,68,70,92,185,209,256
19,334
15,43,48,51,85,113,120,136,168
48,85,101,112,148,180,188
19,48,85,236
68,84,148,332,335
35,83,92,125,183,307,326
48,85,290
43,68,85,254
48,69,76,92,175,232,316,332
43,80,103
39,83,102,160,229
19,50,68,74,143,175
4,25,85,86,175
8,25,33,48,51,69,78,84,92,93,101,111,117,121,123,144,145,336,337
27,46,48,51,69,82,111,117,206,291,307,338,
4,14,48,76,102,111,124,125,175,202,210,213,239,316,
48,82,92,176,227,288
39,51,61,69,76,84,104,114,117,144,155,168,180,201,231,277,301,316,332
103,159,201
5,9,16,67,69,92,177,221,339,340
341
6,48,74,80,92,99,117,139,215
48,51,155,167,168,251
29,48,82,92,103,186,200,332
63,144
46,48,61,69,188,204,248,254,255,298,336
24,46,48,51,61,69,92,101,159,168,172,187,210,274,314,342
48,51,78,93,210
48,118,305
78,123,262,332,343,344
8,48,68,254,345
25,48,50,51,103,124,144,180,188,218,228,229,298
48,235,346,347
15,48,84,118,121,190,348
4,38,70,89,209,246
61,70,84,179,284
4,53,92,103,111,129,165,174,231,343,349
16,85,110,129,227,337,341
5,48,92,107,133
305
120,309,350
244,309,351,352,353,354,355,356,357,358,359,360,361,362,363,364,365,366,367,368,369,370,371,372,373,374,375,376,377,378,379,380,381
16,53,85,382
16,53,68,102,121
48,61,68,294
81,92
8,48,68,209
79,316
24,40,45,46,68,85
5,48,85,129,208,271
48,67,91
48,53,68,83,120,185,255,310
5,48,68,69
5,53,85,167,238
48,63,102,107
78,107,282,345
48,53,68,85
48,51,85,121,169,226,318
51,68,85,159
5,18,48,51,85,92,124,129,169,210,231,297,329
48,79,83,84
5,48,51,99,107,160,185,336,383
33,34,83,90,92,129,175,183,201,206,210,233
68,85,159,384
64,68,85,107,159,170
63,68,84,117,218,231,273
5,38,45,48,53,85,121,160,177,265,274
4,28,78,85,102,180,188,285
16,48,68,92,118
25,48,69,102,129,183,220,221,222,294
29,40,68,92
83,103
25,53,180
25,83,112,123,138,160,217
48,51,69,160
5,87,97
5,51
25,50,85
48
48,57,63,123,125,202,310,323
48,51,168
48,83,84,385
35,40,79,114,168
68,85,92,193,241
48,68,85,129,138
109,125,245
40,68,72,92,316
48,82,92,124,228
48,69,76,79,92,96,155,190,206,315,386
46,48,107
48,51,61,83,84,107,167
4,15,48,114,117,176,180,186,188
47,48,78,124,144,169,284
16,27,63,68,76,82,94,202,217,229,344
40,48,72,79,83,85,92,168,210
188
10,13,33,48,92,124,144,224
4,14,48,51,63,69,82,92,206,256,262,276,297,344,387
48,92,114,155,159
30,34,68,202,388
40,51,70,92,129,175,200
18,48,51,69,85,180,210,298,344,389
35,48,69,70,72,120,167,168,177,180
25,48,51,72,110,111,167,180,229,262,275,364
51,92,144,167
16,68,78,210,250
48,69,70,76,114,168,390
67,82,92,103
4,69,94,160,175,274
48,60,82,124,391
69,83,84,92,165,275
47,48,96,124,144,232,355,392
114,123,260,316,347
23,27,61,82,117,137,221,230,273,284,341,393
48,111,218
14,35,39,40,114,119,144,160,180,192,216,218,232,243,332,342,394
51,53,111,124,210,262
13,33,42,124
48,70,92,114,123,124,157,188,275
15,25,28,64,80,100,121,127,133,157,271
354
352,353,354
16
16,104
5,9,53,70,76,102
41,48,51,63,68,117,175
68,107,109,252,384,395
29
396
23,51,94,113,120,185,210,269,307
48,85,88,192
180
5,48,139,178,397
5,15,25,158
5,51,107,121,169,175,307,352
5,51,158
29,84,85,92
19,68,205
16,29,78,85,151,180
51,69,83,92,101
46,68,69,94
28,85,109,117
5,48,51,85,92,107,110,244
4,13,48,68,85
5,8,16,48,51,64,69,84,137,180,210
33,48,186,299,398
48,76,107,200,239
14,51,103,107,167,177,185
85,96,337,399
40,48,79,83,159,
352
352
16,53,63,68,82,119,120,127,284,307,400
68,175,187,399
5,14,48,51,64,70,76,82,83,93,103,107,125,148,162,169,202,234,282,285,384,385,401
12,14,68,117
48,51,121
8,68,83,92,119,145,209,210
51,53,85,92
68,111,199,395
48,85,92,117,180,402,403
34,43,48,51,82,92,107
85,92,109,144,175,355
13,68,112,175,270
40,63,343
38,43,48,85,256
46,48,69,76,103,107,129,153,228
48,68,96,117,159
5,29,34,51,68,69,83,101,103,129,144,201
48,51,103,115,117,160,167
18,48,82,158,335
3,4,13,42,48,53,63,103,105,169,355
63,162
51,114,125,170,202,210,404
46,48,78,103,107,116,197,384
4,48,51,124,149,151,243,405
73,115,210,241,406
4,48,51,78,93,114
4,48,51,69,103,111,142,144,188,298
5,51,107
79,407
5,51,83,169,190,221
18,48,85
188
85,117,144,344,408
10,51,107,117,119,127,202
5,53,84,125,339,409
68,69,113,127,243
5,85,96,227,290,410
16,51,85,167
48,82,101,107,113,167
5,85,107,124,139
14,30,38,41,48,54,95,101,102,117,129,159,166,202,215,235,255,395,411,412,413
68,85,282
19,48,85,93
5,51,69,92,107,121,157,414
5,25,46,78,85,88,107,282,345
3,9,107,144,180,251,254
48,53,74,84,121,239
24,48,51,68,85,107,209,305,316
51,68,124
68,90,179,345
5,46,51,63,79,155,206
143,180
275,345
5,38,52,85
5,121,157,227,254
8,34,44,51,92,107
339,415,416
8,34,104
167,284
34,68,85,159,357,417
48,107
33,69,70,84,100,121,202,417
8,40,68,92,112,118
69,92,103,107,165,216,416
33,46,67,79,85,119,124,149,201,247,295,344
6,25,48,129,180,188,202,224,232
48,51,68,85
48,68,84,224,293
50,53,68,79,85,92,103,357
48,68,84,92,116,413
85,383
14,19,45,59,69,76,117,133,167,175,180,183,202,227
25,37,42,48,61,69,70,78,83,84,90,206,284,308,355
40,51,100,120,138,172,256,314
4,72,83,102,141,210,227,276
85,329,383
22,61,172,341
5,13,48,60,69,126,129,144,151,231,344,416
25,51,53,76,82,92,
39,46,61,90,93,120,124,176,180,188,284,316,357
6,39,92,117,221
10,48,92,334
48,107,169,178
13,16,48,69,82,93,129,155,195,242,300,344,384
16,43,46,48,70,78,86,103,124,138,175,297
34,92,102,114,118,140,144,157,180,221,230,269,309,341
92,180,188
18,51,85
48,84,85,159,418,419,420
5,8,53,101,107
48,51,83,111,121,157,192,202
69,76,107,159,195,217
25,111,143,385
40,48,64,68,202
51,68,84,192,387
143,169,180,185,210,316,421
68,103,349
46,48,68,85
51,85,101,107,120,155,157,275,336
51,139,143,175,188
5,12,51,76,80,92,183,307,336
48,51,79,85,92,107,121,200,210
41,48,84,101,107,110,121,143,160,164,188,221,413
51,54,83,120,238,307
48,84,107,159
24,48,51,85,159
247,283
1,83,92,102,117,295
14,45,48,53,78,83,99,107,121,129,151,297,385
5,221,422
51,76,110
44,85,213
16,85,104,192
48,251,362
5,72,419
5,74,85,111,124,192
8,16
103,344
5,9,68,87,107,120,175,206,295
23,70,76,92,103,124,138,293,409,423
5,48,69,129,164,210,224
18
103,144,176,231,251,423
5,33,48,51,85,103,136,186,324,337
5,48,51,69,70,76,88,96,101,157,210
48,76,88,96,210
68,90,109,133
25,51,68,79,85,92,129,157,229,282,423
51,92,188,310
22,46,92,159,180,188,307
4,5,69,82,159,164
8,25,63,88,103,224
51,107,247
48,93,123,124,210,284
40,48,76,92,103,110,111,117,145,192,209
8,48,123,164
48,70,79,92,186,207,243,409
4,144,186,276
16,46,48,51,62,68,103,144,186,202,
23,24,33,45,51,69,83,84,93,108,121,127,182,202,221,227,387,419,424
25,33,40,92,121,172,192,228,341
5,27,48,84,241
25,48,69,79,84,114,167,180,202,409,413,423
48,68,82,103,111,117,221,256
5,48,69,70,103,120,200,216
24,48,82,92,409
68,69,76,347
48
68,343
16,85
35,83,407
51,79,80,107
5,46,48,51,99,107,139,398
22,35,85,107,126,159,164,416
35,84,127
35,85,112
79,83,92,210,217
107,168
48,68,69,85,121,227
39,45,68,133,360
43,69,85,288,409
15,48,107,201
68,69,76,160,180,188,202,210,220,285
5,46,68,79,107,118,159,282
85,107,292,425
5,68,69,121,177
5
18,85,173,409
63,93,176,186
5,8,76,103,121,124,166,230,414
25,48,68,117
9,85,93,107,168,202,206
4,48,66,107,119,121,155,179
114,328
53,69,82,92,107,110,202,212
48,180,284
97
51,68,79,159,175
8,16,124,426
16,38,401
16,247
64,93,120,173,222,427,428
68,83,158,167,221,414
48,85,168
5,35,63,107,170
5,85,92,401,413
40,124,192,426
92,107,117,318
48,85,227
16,68,85,203
68,85,124,192,357,429
68,92,409,423,426
48,50,85,96,430
44,62,68
48,111,192
47,51,84,263,316
40,69,75,76,92,102,107,172,207,259,414,420
76,82,188
61,82,107,121,178
24,51,76,88,92,153
5,48,68,82,92
15,16,24,68,84,202
107,168,288,293,334
16,38,48,192
380
48,82,92,101,348,399
35,48,82,114,145
48,85,92,124,129,158,284
4,25,46,47,69,92,107,231,260,341
6,48,51,61,69,86,88,92,104,114,121,169,175,180,189,345,431
4,48,72,86,92,111,114,117,165,176,188,229,348
5,70,76,90,95,114,124,192,221,263
70,84,92,111,159
210
10,35,48,82,83,113,133,201,202,232,256,291,363
51,76,202,283
40,48,73,102,116,117,155,248,334
37,92,159,403
39,53,68,72,92,111
123,168,202,210,295,432
16,76,104
16,103,124,426
5,76,92,316,427
16,68,92,131,252
51,83,167,206,282
5
5,48,92,144,168
5,51,107,201,254,255,344,409,433
48,68,84,85
44,69,85,120,168,322
48,51,82,83,99,186,212
97,192
43,68
51,93,125
16,82,107,175,426,434
48,53,78,85,102,120
40,68,70,76,92,107,409
12,41,48,61,68,83,93,179,221,256,283
69,79,155
48,68,121,125,297
34,35,42,48,57,63,68,69,70,113,168,175,180,200,202,235,275,319
48,61,93,102,107,126,168,182,301,392,398,400,416
76,101,107,115,168,416
85,228
48,51,61,69,78,93,114,136,144,148,168,180,202,297,400,416
46,48,68,121,253,387
16,40,48,51,85,92,121,124,186,387,435,436
48,69,82,92,114,180,217,221
51,85,414
38,117
38,68,115,117,344
48,398
15,48,84,92,185
5,25,43,107,350
46,192,213,232
51,68,107,222
18,85
12,16,426,434
80,85,88,92,334,423,437
46,51
15,16,92,
48,83,107,110,120,165,313,316,423
67,68,85,166,229
117,159,344,345
5,40,48,51,82,92
18,34,46,180
8,12,25,33,48,58,69,87,92,101,111,144,159,169,175,192,194,231,313
35,63,74,83,175,186,403
33,68,69,160,202,210
69,83,90,92,124,155,183,233,348,403
17,39,82,92,162
25,48,84,107,334
5,51,68,92,303,409
120,121,125,245,414,423
51
53,68,107,121,175,315,438
16,40,48,51,72,85,92,110
123,236,432
4,51,65,68,70,83,105,117,190,202
4,48,51,68,85,123
48,51,53,68,103,104,117,155,168,169,175,202,222,397
27,54,72,102,107
24,84,103,117,124,334
200
82,380
84
10,48,53,102,184,202,274,439
23,35,67,103,118,180,232,341
5,69,74,80,175,231,251
15,48,111,144
4,34,47,69,82,212
18,29,103
4,13,48,68,192,403
16,48,85,101,124,155,222,254,348
4,144
109,175,201,202,337,409
15,92,99,175,271,423
5,79,300
14,35,48,51,61,92,114,119,162,167,180,184,186,188,221,297,380
22,31,48,51,64,92,93,107,120,155,210,221,236,297,310,412
51,82,101,180
22,51,101,120,254,431
51,85,90,144,200,206,207,269,391,422,423
69,76,101,107,210,216
48,61,90,92,103,113,114,122,144,170,180,242,329,432
68,83,105,311,334,409
4,92
48,104,202,210,227
8,25,33,48,68,94,111,144,180,192,234,383
48,64,175,221,362
124,426
48,68,167
48,84,90,92,107,110,111,168,270
5,53,84,92,107,149
5,48,76,103,190
18,24,51,68,83,86,92,110,159,243,348
53,107,129,158,167,262
15,48,107,202,218,223,397
19,68,247
2,51,69,92,114,185,440
69,92,418,424
40,50,68,118,139
209,426
48,51,69,78,107,121,133,255
180,188
46,68,69,92,124,276,403,441
13,46,48,51,53,69,79,92,121,124,125,232,300
334,409,442
40,78,84,162,169,206,254,402
51,79,83,127,165,243,310
5,76,79,149,158,314
16,48,68,85,251
18,78,79,85,104,117,118
47,51,102,210
51,68,74,167
46,99,111,216,350,402
9,68,251,443
51,85,102,160
51,53,85,168
48,85
48,68,175,305
76,94,109,114,121,124,180
92,117,343,430
6,48,63,92,224
24,84,103
40,48,51,69,103,107,168,169
16,92
8,12,46,51,53,61,83,84,92,107,111,144,307,344
12,35,46,51,127,206,224
61,380
25,48,92,107,164,167
48,51
37,41,48,53,110,159,160,165,177,201
48,85,92,282,316
33,48,63,68,92,221,231,232
8,39,84,92
10,48,51,70,96,110,111,117,175,332,397
48,69,76,92,103,107,140,148,175,210
15,68,73
144
39,69,87,119,200,206
2,76,84,92,185,221
1,10,34,92,111,170,332
5,12,83,84,85,92,93,95,121,162,221,243,400
68,74,104,115,121
51,59,92,155,201,229,241
109,334,361,444,445,446
5,380
15,16,48,115,228,401
16,118,175,426
48,61,107,158,178,206,210
23,159,192,426
5,16,52,192,297,426,434
41,68,111
48,68,334,421
14,68,74,245,303,336
68,74,167,271
111,160,167,210,221,447
41,48,51,61,63,68,84,85,120,190
48,69,84,85,92,119,175,332
48,82,107,120,216
41,48,92,167,180
48,68,69,83,93,107,139,184,210
40,68,95,111,121,175,298
9,51,115,421
15,68,85,448
5,33,48,68,121,124,217
69,85,206,232
18,34,48,68,82,110,275
4,48,51,68,82,124,129,202,273,353,392,442
5,48,53,68,69,78,85,107,167,209,215,217
9,68,85,111,314
5,46,85,107,118,159,282,348,
85,200
13,17,51,117,159,254
68
39,51,84,85,159,316
15,68,251
68,303,332,449
48,83,213,226,235,316,
19,85,124,192,269,426
69,85
40,67,74,85
87,124
9,67,76,85,107
8,14,27,48,68,83,117,175,205,210,217,231,232,234,414
8,48,82,117,159,167,389,425
68,85,175,274
25,48,92,144,345,414
35,48,92,111,251
48,61,84,103,232,251,332,349
14,43,48,61,104,117
48,69,113,180
67,73,74,83,117,121
2,35,90,133,172,176,180,188,206,383
51,68,72,92,94,121,241,307,427
4,53,67,70,73,74,92,111,117,395
45,48,61,68,93,94,175,207
5,8,70,72,83,104
48,102,103,160,221,284
48,51,64,76,92,144,229
85,107,252,409
48,76,113,114,175,188,332
5,48,63,85,92,192
48,74,82,111,117,133,180,205,218
70,79,85,118,175,199
25,48,54,92,103,104,107,117,165
48,51,54,83,119,121,155,179,206,220,221,414
16,48,64,104,361,445,446
8,111,124,293,325,426
48,362
35,85,251,254
48,76
16,53,117,237
5,10,68,84,103,168,201,247
14
48
48,53,64,76,78,103,121,148,169,175
85,443
69,120,157
48,68,85,167
48,61,63,68,70,85,145,169,186,189,232
16,68,69,85,92
44,85,90,138,229
38,79,92,188,282,332
8,35,40,48,61,120,121,175,180,206,291,315,345
48
19,48,68,85,167
62,99,190,199
116,342
19,48,64,68
16,18,48,54,68,90,92,254,343,348,420
8,48,76,360,361
16,18,232
63,85,92,200,213,270,344,402
34,69,84,92
18,48,84,107,282,297,348
48
35,156,408
8,277,282,450
5,38,271,426
48,85,107,227,230
48,160
104
68,228,344
5,82,107,175,186
44,46,79,83,242
48,68,84,158,345,451
41,48,104,159,409
85,108,133,157,161,273,349
48,232,280
63,334,427
53,72,202,210,297
85,321,426
19,68,83,325,345
62,82,103,167,202,432
5,27,29,35,46,48,72,107,118,138,297,345,427
48,68,82,118,132
5,27,29,35,46,48,72,107,118,138,297,345,427
16,78,85,90,164
13,27,48,53,76,84,169,224,254,291
1,5,84,92,103
76,92,127,129,210,310
82,92,103,107,167,208,334
35,46,164,180
25,43,68,85,90,120,186,385
48,68,69,76,83,93,168,175,177,186,217,239,262,293,414,432,452
12,38,103,344
62,82,143,180,202
37,38,48,52,68,78,85,159,162,235
5,38,48,63,67,120,159,250,295
4,48,84,120,137,216,244
46,48,103,107,201,202,227
8,24,39,61,63,64,68,104,109,165,232,383,387
70,82
25,43,68
4,24,29,34,48,63,69,70,76,82,92,96,106,124,168,230,242,256
92
4,39,45,47,79,92,114,149,190,206
82,188,201
48,69,82,92,168,341
70,92,155,168
39,85,107,124,158,209
53,144,175,202,284
10,16,48,63,92,101,111,117,144,159,199,224,336,364
5,16,18,48,74,92,99,123,185,192,229,321,431,453
454,455,456,457,458,459,460,461,462
5,85,288,345
5,53,297
5,48,53,107,463
5,47,69,114,168
16
39,68,82,85,247
46,48,68,85,113,114,117,169,307
101,168,336
2,13,35,68,96,103,111,117,156
43,107
48,68,101,168,175,185,288
68,103,168,186,237,344,464
85,93,168
46,48,80,85,254
111,129,217,236,333
48,63,85,107,133,167,236
76,84,90,168,202,255,263,422,431
4,16,48,68,82,83,217,431
141,143,168,243
74,80
48,68,85,232,251,436
5,69,87,89,168
46,107,168,316
68,69,120,168,407
42,48,85
25,48,107
18,85,111
5,45,48,69,85,168
14,103
201,209,393
40,46,48,54,62,76,92,186
40,68,85,124,294
43,46,48,61,64,70,79,90,114,141,180
41,61,92,118
8,68,389
48,61,107,
328
43,48,54,83,92,144,307,465
44,48,53,92,105,175,217,431
48,121,126,144,216,224,231,282,299,346,416,429
68,89,100,103,116
4,10,13,34,35,48,117,192,232,271,345
18,33,41,48,69,79,89,92,102,103,148,168,190,231,256,409,432
75
24,48,63,69,118,143,167,180,210,231,293,308,409
4,68,75,80,82,92,160,176,275,287,289
5,47,69,92,159,160,402
111,164,345
27,48,73,240,360,362
5,12,48,107,118,426,434
9,16,68
16,38
85,168
5,46,69,168
48,284,362,402,426
48,85,124
48,68,82,85,92,168
42,68,85,115,137,297
69,85,87,127,265
92,102,263,466
5,25,48,53,67,110,192
68,85,167,180,300,467
68,124,180,188,
18,48,82,85,148,458
5,87,103,107,168,202,244,270,459
48,80,82,85
16,48,68,167
18,34,40,46,48,114,156,165,168,180,201,203
48,68,159
48,68,70,115,384
53,92,123,143,297
40,68,85,103,159,254,341
89,124,186,232,393
44,85,299,432
48,61,68,82,87,92,107,125,315
48,69,85,144
34,53,61,69,84,190,238,369,
13,34,53,61,62,69,84,118,144,180,190,238,307,351,369,385
48
68,85,104,282,344
69,92,114,123,157,160,180,275
48,110,165,201,263,309,468
53,85
90,114,145,180,210,221,284,307
10,47,68,103,167,180,192,210,256
53
68,92,168,192
48,61,111,148,168,210,224,414,469
35,41,48,53,61,101,102,103,168,232,329
25,45,69,102,114,188,190,231,350
29,92,167,320
48,64,84,92,93,99,141,160,222,294,307
5,79,85,251,409
5,39,42,80,409
47,48,61,62,68,69,70,92,93,96,157,168,179,234,282,288,398
19,29,74,82,110,167,224,232,344
92,155,185,341
48,67,85,227
110
39,68,82,92,252
18,85,360
48,76,92,114,123,143,221,242,343
68,79,92,93,94,165,189,274
53,114,298,344
15,76,82,92,298,470
34,48,101,221,456
8,47,48,96,103,124
82,83,92,102,129,148,168,206,215,253,262,323,461
5,48,168
8,80,81,103,133,360,
84,85,124,168,192,325,361
48,85,125
48,68,69,85,144
79,139,149,162,168,445
68,83,117,229,284,471
5,48,53,74,107,148,168,202,206,310
68,80,121,229,297
69,315
53,68,84,85
46,48,83,115,168,247,274
48,85,472
34,69,79,81,121,159,459
53,61,69,93,107,168,210
40,68,69,83,92,144,274
69,85,229
5,33,40,48,68,111,175,179,205,254,255,410
25,43,48,103,202,224
46,68,209,450,459
25,68,116,206,257
48,68,93,299,473
8,48,53,69,76,103,139,179,185,224,234,252,274,382,385,438,461,474
68,107,168,427
48,85,322
85,218,240,291
48,64,68,83,129,168,207
48,53,68,69,76,79,83,179,274,382,385
25,48,120,121,254,343
5,16,48,68,85
25,38,68,85,90,343
47,69,92,221,299
25,48,57,68,69,121,160,202,206,254,420
228
41,69,83,105,207,210,426
48
8
5,216,225,475
12,28,103
38,48,70,117,180,392
5,43,68,104
92
66,85
5,66,82,92
27,48,57,92,117,307
53,68,85,164,300
29,68,167,200
46,48,73,203
5,66,103,167,235,461
5,216,225,475
68,127,224,442
48,107,148,416,418,427,471
48,70,92,103,445,476
8,48,380
48,53,82,87,114,180,221,473
5,45,48,54,61,69,125,202,307,336,414
10,16,85,103,114,124,129,188,209,229
15,85,156,360
8,14,48,63,92,206,349,351,473
14,44,48,63,92,111
40,48,114,172
114,180
15,48,92,122,135,144
5,45,48,54,61,69,125,202,307,336,414
68,69,82,254
48,148,254,324,416
46,49,85,343,408
79,109,148,175,201,400
47,53,69,84,103,107,169
29,40,85
48,53,144,155,231
46,48,50,68,120
13,15,62,109,111,119,180,226,232,284
48,69,72,76,207,210,347
282,477
48,158,159,236,255,297
5,16,42,85,275,282,297
31,48,53,66,72,83,120,169,180,183,201,210,216,235,239,383,399
16,48,192
5,24,74
48,68,85
18,46,85
8,35,63,68,199,478
5,46,68,133,180,224
85,89,124,168
10,68,97,104,107,121,227
48,121,201,270
8,16,65,68,121,202,210,282,478
48,68,96,102,221,229,428
48,120,159,210,343
48,69,79,83,99,115,121,139,166,221,231,308,446
18,28,85,101,120,124,144,160,168,201,240,242,341,478,479
48,66,86,90,288,336
38,48,61,63,68,80,85
8,14,16,18,38,60,92,145,153,155,156,192,202,209,336,345,391
114,180
61,62,68,69,85,108,120,183,206,297,420,473
22,27,38,46,48,61,69,90,101,103,107,111,156,336
24,29,75,83,85,218,336
5,85,164,229,478
22,39,64,93,116,120,136,159,230,235,403,432
48,82,85,124,
68,79,85,104,117,136,188,192,294
48,85,92,168,221
48,64,69,83,84,160,206,217,231,235,239,241,244,402,408
48,68,270
188
50,68,85,176,202,274
22,109,426
5,48,68,103,124,168,290
5,48,85,402,442
68,84,92,478
4,48,61,69,121,148,274,478
5,16,68,74,164,218,229,402,416,
48,85,143,167,180,215,224,298,473
5,48,61,68,69,89,136,144,179,184,221,222
13,85,156,169,252,299
48,103,133,135,180,188,202,211,232,282,348,391,396,423
5,136,270,480,481
33,48,68,76,93,107,111,123,167,176,186,206,221,256,473,478
13,48,86,90,109,121,143,144,159,175,180,423,478
68,70,83,88,99,114,432,478
48,103,133,135,180,188,202,211,232,282,348,391,396,423
5
5,48,61,68,69,89,136,144,179,184,221,222
4,5,48,69,83,97,103,111,113,160,173,184,231,254
68,69,85,92,167
19,48,82,83,465,478
48,103,107,111,167,176,216,224,232,250,251,270,284,414
79,83,119,221,478
85,101,167,192
4,92,139,168,174,192,414
16,104
48,68,90,136,167,275,343
16,124,426
48,85,212
24,87,168,361,362,426
68,85,133,216,287
48,82,85,92,168
48,70,89,94,107,114,121,168,188,338,382,472
14,18,68,85,478
18,68,96
46,48,57,69,92,107,121,126,231
5,8,48,68,70,92,103,107,162,478
42,68,90,107,116,357,467
69,85,338,418
85,101,482
16,68
85,97,121,157,478
83,111,169,398,478
68,159,202,213,283,358,436,483
76,89,92,107,210
63,117,127,168
5,40,48,61,68,69,79,83,113,117,129,168,186,202
5,69,92,169,209,300
5,48,74,76,159
40,48,88,92,120,198,242,336
69,103,157,168,202
40,48,82,87,92,288
5,16,40,69,102,107,117,168,216,332
50,83,88,104,107,144,202,218,356,399,440
16,85,107,271
4,48,76,83,93,103,107,115,167,206,215,420
48,63,92,103,114,170,175,180,203,303
48,85,124,426
48,54,60,63,64,69,70,79,103,111,113,114,117,180,192,202,234,246,271,478
40,127,216
40,68,245,246,482
48,68,69,70,92,101,107,194
40,48,69,70,73,83,107,169,221,427
79,92,218,478
48,76,143,218
92,103,190,201,251,478
48,70,175,478
114
92,167,175,216,263,431
4,46,48,69,159,188,218
19,48,85,212
201,244,362
114
18,426
12,27,107,120,202,390,416
48,68,107,347,478
16,297,426
68,216,254
48,69,85,107,175
48,68,85,92,139,192,478
2,70,104,186,202,209,481
5,61,79,149,158,206
16,43,48,85,332
16,76,85,255,332
48,85,107,129,160,168
82,168,478
48,84
83,101,300,482
48,361
15,25,111
5,16,40,48,89,107,168,251
48,68,83,90,103,107,111,139,169,192,283,315,
40,93,148,162,168,180,341
8,9,16,82,85
15,48,339
33,46,48,61,69,93,103,114,159,345
48,68,92,101,218,262,270,332,409
53,121,169,218,227
5,40,82,89,92,94,103,107,138
5,87,124
68,82,83,192,339
18,103,107,270
53,92,103,247
48,53,72,82,117,344,400,478
25,46,69,90,92,114,143,144,254
2,85,97,107,209
68
48,125,133,223
8,68,92,114,117,332,478
9,25,48,53,109,175,234,398
8,25,69,85,101,103,111,114,117,168,232,240
92,165,209,221,332
54,70,72,85,92,100,107,114,117,180,202,217,284,342,357
8,40,48,114,143,484
48,92,103,107,159,165,221,224,430
48,114,123,188,210,275
50,53,92,99,111,114,117,136,153,180,332,356,387
48,83,92,153,169,201,256,284,332
19,48,62,82,86,92,103,180,205,232,255,332
48,61,69,85,139
12,83,85,92,184
4,111,174,192,408
48,83,102,210
79
16,48,68,85,158,270,308
5,44,107,168
17,68,82,378
5,46,48,61,69,107,180,186,216,257,387
18,68,159
40,42,48,118,121,236,274
61,69,70,83,307
53,68,168
38,68,164,167,251
46,48,61,69,83,93,107,202,243,255,308
48,83,210,331
35,68,202,249,336,357
16,68,79,85,208
48,68,85
80,107,168,169,254,331,336
16,19,85,229
107,110,168,352
53,99,102,114,160,168,188
48,61,82,93,167,186,202,236,331,442,469
46,48,92,115,117,218,247
86,149,257
10,48,69,82,83
4,35,68,158,186,202,223,295,341
47,79,221
48,79,83,84,148,289,331
48,85,107,124
68,221,236
103
18
48,62,69,92,99,224,276
13,19,68,345,348
8,40,76,107,166,220,229,291,344
9,115,143,339
68,159,224
48,68,85,92,124,168
68,92,111,215
5,6,10,76,85,92,99,103,117,224,241,244,442
107,119,121,201,232,319,342
16,53,74,85,102,107,185
92,103,104,107,192
16,85,167
4,25,30,48,62,101,103,107,114,160,180,210,344,349
13,48,87,92,99,104
25,107,160
48,53,64,70,76,143,188,289
92,143,159,168
68,218,254
69,82,85,160,233,357
46,48,67,68,89,92,111
114
8,40,76,107,166,220,229,291,344
48,111,188,217,220
82,92,144,192,229
48,69,76,102,111,117,167,210,262,283
40,48,117,391
48,53,68,70,76,168
16,426
8,41,68,85,212
69,362
16,38,107,167,426
70,79,92,236
43,68
61,85,109,165,229,252
29,85,106,121,168,255,387,485
61,99,153,229,282
5,48,53,68,69,153,168,185,363
53,68,92,117,157,274
63,69,114,157,188,344,345
40,48,68,99,103,118,242
50,79,83,167,300
43,68,69,85,
38,93,121,200,230,255
68,192,229,332
12,68,69,82,159,344
46,68,232,254
10,40,48,68,144,159
68,82,113,224,227
4,46,48,69,76,92,101,168,183,
68,79,85,104,175,401
53,68,85,92,117,133,168
224
48,83,144,175,202,244,387,401
46,53,68,85
46,83,92,107,167
8,38,40,144,164,332
14,63,69,99,114,123,180,319
48,82,85,87,89
5,16
12,68,145
12,92,110,138,210,224,284
48
5,48,53,63,74,82,85
5
18,85,
97
48,92,175,192,232
19,23,48,69,82,92,99,175,345,432
46,48,68,92
103
4,53,84,139,271
18,85,337,344
48,85,92,103,210,227,251,315,416
48,68,351,438,467
40,68,69,79,82,83,105,111,159,284
35,48,82,92,121,144,158,227
48,68,74,201,232
68,107,247,297,298
46,48,70,201,224,401
5,8,46,48,103,104,107,111,201,232,343
15,34,68,69,83,92,103,110,129,153,160,175,223,254,486,
48,53,68,103,144,159,202,307,319
6,83,148,232,414,487
5,45,48,76,99,148,162,332
4,68,93,168,202,217,241,266,427
15,16,68,103,107,167
4,12,48,69,78,79,85,92,93,109,123,125,387,432
23,39,48,50,116,144,156,339,392
48,125,168,331
4,92,139,169,210,332
10,25,63,117,341,357
85,148,168,274
38,46,48,68,426
79
167,426,471
79
79,426
5,18,48,76,82,85,103,107,124,319
18,85,90,124,426
14,48,63,68
47,48,82,107,168,169,398
68,69,168,279,293
5,39,90,107
53,85,89,202,305,379,387
85,229
46,48,53,68,85,232
121,168,294,307,319
10,18,68,103,139,169,345
5,48,159,212,218
12,53,63,69,93,114,127,164,180,279,307,432
48,61,85,120,168,319,483
79,190
18,48,79,83,90,168
48
103
8,68,85,229
48,79,85,111
117,331
68,97,103,117,287,345
46,48,104,362
103,227
5,12,16,18,48,85,99,107,129,202
48,164,184,186,201,204,210,276
68,83,100,175,236,348
18,48,85,121
139,251
48,85,139,168
53,63,83,121,186,201,209,210,252,341,402,440,488
5,8,34,48,53,79,82,83,124,217,252,298
5,6,10,48,69,78,87,164,175,331
5,8,34,48,53,79,82,83,124,217,252,298
48,68,84,215,276,315
53,82,83,121,133,208,233,235,254
45,46,48,80
48,92,107,160,349
68,82,84,85,92,136,229,343
46,48,68,167
48,75,92,107,139,232,236,403
46,83,92,111,168,180,192,276,341
8,103
1,68,74,85,87,121,218,270,324
68,92,116,256,339
67,70,92,127,180,291
47,83,92,103,121,165,188,209,257,320,489
6,23,27,48,84,92,109,114,115,125,155,180,206,230,243,255,380,403,438,490
6,23,27,48,84,109,114,115,125,155,180,206,230,243,255,380,403,438,490
16,25,46,48,155,168,175,179,319,332,344,349,401,491
79
47,48,68,82,90
70,76,223
43,53,85,103,215,315
54,70,111,160,199,487
83,111,148,178,221,284
25,63,85,117,159,190,242,246,276,332,346
48,69,80,109,157,160,168,202,231,262,308
69,123,168,202,246
180
4,53,68,190
53,67,68,84,85,110
67,85,175,427
4,53,82,85
68,69,85,106,127,186,442
48,92,114,168,175,215,224
18,48,85,168,239
68,85,107,159,160,167,212,348
48,82,83,331
24,48,64,70,85,87,168
12,48,82,159,175,201,276,487
92,188,222,284,348
1,96,168,180,208,221,224
1,5,41,76,97,159,164,170,218,254
48,114,121,223,274
53,70,85,185,227
5,15,24,48,61,63,82,92,108,319,331,339
33,82,202,395
114
48,82,101,114,120,164,167,168,179,332
43,48,92,103,108,114,144,148,160,168,175,243,274,291,332
48,114,144,148,160,274,332
5,8,9,50,107,111,144,201,224,319
85,147
16,48,52,63,82,85,360,361
48,126,194,209,281,431,492
14,40,48,53,165,201,229,332,361,493
48,188,262,282,359
35,48,63,85,236,250
8,48,82
14,85,96,103,109,327,344,436
16,68,85,186,442
13,50,80,360
85,87,324,382
5,16,48,68,155,180,216,440
16,76,81,168,232,360
4,12,48,53,82
78,117,188,228,344,359
15,48,69,76,84,87,92,206,494
18,68,85,221,224
85,97,201,253
48,92,125,165
48,53,61,68,92,165,316
76,85,92
5,48,61,69,70,82,92,103,117,126,168
42,83,160,210,221
48,153,165,168,456
5,48,68,85,227,314
18,38,59,110,196,233,254,495
10,48,53,63,84,92,104,144,189,201,221,224,251
48,50,103,116,117,144,216,218,228,251,284,444
14,48,61,69,76,92,103,110,123,165,319,486,
13,46,48,169,205,218,331
83,91,103,339
37,68,70,83,159,192,233,
29,34,47,48,54,84,92,168
48,84,92,93,114,167,168,175,180
48,53,85,155,165
78,90,107,117,432
60,92,165
40,103,159,252,361,426,
92
16,38,167,426
12,69,78,83,99,183,232,309,316
117,229,284,344
48,68,209
69,85,168
79,407
8
48,53,85,282
5,48,85,267,300
48
43,68,85,216
16,46,48,74,85,87,89,168
5,53,61,79,89,94,107,126,127,168,416
14,18,48,68,107,243
48,68,82,414
13,46,48,103,133,224,274
78,79,158
103,180
48,68,239
5,48,68,79,319
40,68,342
48,92,104,111,205,442
48,107,218,227,345
48,70,89,239,338,447
48,53,68,82,107,109,164,229
1,5,48,67,69,187,227,426
53,85,171
25,111,120,182,255,417,496
201,361
25,48,256
25,68,92,417,431
48,68,85,139,282,339,402
18,40,68,85
47,83,129,221
68,69,107,157
8,82,85,103
232
203,300
5,25,111,118,144,221,223,305,497
38,83,92,111,180,274
25,33,41,70,109,123,164,287,339
10,48,53,61,83,115,117,133,176,236,262,331,394
5,12,337
4,5,25,30,68,85,111,121,192
4,20,95,107,127,167,279,316,400
25,48,111,114,188,236,389
92,243,307,316
72,85,107,216
15,16,68,107,110,116,425
68,159,178,438
72,76,92,165,262
40,120,207,277
5,34,72,92,96,168,427
48,120,159,227,282
72,92,210,442
42,48,58,103,183,210,235,284,343
103,111,282
180
25,48,160,167
47,70,75,82,92,99,123,165,245,307,316,498,499,
33,42,47,85,201,497
16,85,211
48,53,93,168,169,247,348,500
48,68,101
8,48,85,92
44,63,83,85,159,172,348,454
5,48,121,148,225
16,33,48,68,83,85,218
48,192
5,48,69,82,85,90,92,124,135,159,190
68,85,137,175,203,360
360
47,69,70,96,111,180,221
2,10,34,68
18,25,85,
8,85,97,282,362
46,48,69,92,93,110,114,188,271
48,61,83,92,125,349
69,426
16,48,68,83,92,144,159,230,251
48,68,70,111,332
180
83,
15,47,53,114,118,210
18,25,33,40,46,48,53,120,123,155,172,186,206,217,220,270,343,344
120
18,25,33,40,46,48,53,120,123,155,172,186,206,217,220,270,343,344
305
48,67,85,427
48,118
46,48,160,362
48,68,85,229,288
46,48,68,69,101,131
68,115,205,227
48,68,84,164,229
70,188
120,186,247,307,341,387,395,420,442
48,74,84,361
144,149,180
68,76,85,209,331
79
34,48,92,96,111,236
34,124,180
53,114,157,202
68,72,92,167
38,68,85,117,227,271
18,48,68,78,84,92,96,104,222
48,93,168,210,235,247
12,48,63,255,501
107,482
48,63,69,92,93,94,279,307,502
68,107
37,48,76,82,103,111,114,117,169,180,186,190,224,277,320,443
9,10,14,16,48,78,215,417
46,68,124,314
35,48,113,117,175,180,232
85,87,97,209
14,87,121,184,210,285
25,48,92,144,169,221
10,14,48,61,93,99,101,109,123,159,202,237
93,121,142,168,174,432
34,92,111,137
82,92,121,174,180,215,286,414
4,22,64,82,92,425
38,40,68,99,192,201
30,70,165,291
92,107,
82,92,96,144,334,425
13,92,103,107,117,137,210,359,430,503
12,127,139,440,
281
48,79,251
5,76,85,92,192
69,74,133,180
48,69,83,85,92,99,103,221,230
48,68,69,78,107
16,40,68,297
64,68,85,192,387
52,82,92,99,103
5,52,61,79,80,85,99
17,48,85,87,92,186,218
69,85,167,398
8,68,85,92,110,215,348
48,52,83,92,406
16,52,85,
48,52,61,68,82,85,99,167,243,349,427
5,42,48,52,53,85,121
5,52,53,85,186
47,48,63,70,84,188,202
48,69,82,85,99
53,70,169,180,189,210,320,332
5,111,159
201,224,232,251,362
68,103,137,198
38,48,49,82,89,92,102,114,121,157,183,227,231,417,479
4,48,52,99,107,222,316,400,409
68,85,92,118,159
5,52,92
1,14,46,69,70,76,117,121,127,202,231,319
48,85,111,121,192,218,276,332,401
5,48,357
46,48,103,107,227
24,52,76,82,107,127,210
40,78,92,155,164,332
46,48,69,92,213
68,83,120,332,387
25,44,68,85,201
44,64,68,103,107,121,124,223,254,271
47,53,92,105,149,169,210,243,320
5,103,107,201,218,224,319,342,345
42,83,165,235
18,63,68,85,192
92,99,101,117,180,221,291,344
83,155,230,346
69,121,127,144,167,169,183,194,220,232
43,68,72,83,127,210,231,291,420
14,46,76,92,99,117,438
5,48,53,61,70,74,76,202,206,233
68,103,117,180,401
84,395,432
24,82,103,117,155,227,323,343,344
38,82,85,121,209
4,25,48,82,89,92,93,117,156,276
42,235
103,343
4,10,19,33,44,45,85,118,144,192,202,232,234,242,283
74,84,92,116
10,48,103,111,273
5,79,107
40,46,48,92,107,167,209
4
68,85,101,117,212,289,403
70,90,92,109,114,121,167,188,467
5,41,46,48,108,109,126,263,276,307,356,398,431,442,469
16,48,68,85,273
82,85,92,104,174,275,284,391
4,93,103,107,120,159,183,206,246,307,323,416
48,69,78,103,117
5,52,80,84,99,202,224
6,12,48,69,102,155,160,185,206,235,356,431,432
48,52,85,121
14,48,70,92,109,159,218,246,291,395
52,68,99,180,235,270,416
8,16,74,500
75
68,85,92,169,202,276,417
5,48,99,107,497
68,74,227,229
52,85
18,48,82,85,107
9,33,52,68,85,227
10,18,39,40,68,85,99,118
68,85,86,227
85
48,85,186
13,52,68,82,167,276
46,48,52,68,69,83,85,93,123,202,207
46,47,48,69,85,87,165,229
5,48,52,68,85,124
5,107,187,215,285
1,4,48,52,69,82,99,103,107,202,229,246
25,39,46,68,85,99
5,34,52,85
61,69,84,101,114,120,180,188
48,52,63,85,138
5,48,52,64,93,497
24,68,99,117,144,332
25,44,48,96,103,107,165,167,255
52,64,69,70,92,127,319,428
87,426
5,53,78,416
48,70,82,202
31,46,120,127,180,244,307,309,400
5,52
48,89,103,138,256,486
48,53,92,108,183,256
83
8,29,48
46,68,118
53,68,165,239
52
52,107,361
13,68,103,229,254
25,103,345
5,44,68,85,92,99,124,155,157,242,414
25,45,78,92,114,155,180,186,345
12,48,72,76,85,190,416
104,117,162,169,201,282,332,346,432
48,85,427
8,46,127,169,224
3,5,85,92,103,111,136,143,402
35,85,208
13,48,82,96,159,243,332
38,68,69,92,95,164,213,224,233,470
14,27,37,61,75,84,103,121,127,137,184,201,220,293,403
82,114,229,357
35,68,85,116,159
48,81,99,114,224,291,337,494
52,70,114,123,155
35,48,92,103
68,202,254,275
48,69,90,92,103,108,144,206,218,432
85,220
35,85,118,145,288,357
47,85,127,387,504
68,85,115,202,239,332,350
103,227
5,34,78,107,227,416
24,41,46,48,53,69,70,100,114,116,156,159,180,224,232,344
79
31,85,146,212,213,223,332
13,40,48,92,119,167,255,349
44,46,48,68,69,83,90,92,102,105,210,319
5,48,52
5,48,52,85,107
16,18,85,
52,85,
34,39,64,85
79,102
5,13,18,27,48,61,69,88,103,104,107,111,117,139,175,199,229,345,451
14,25,52,79,85,102,168,202,221
52,68,85,87,97
84,114,180
5,19,52,68,83,85
5,52
16,68,88,192
5,103,107,127,246,319,331,385,395,422
4,5,48,52,69,85,92,160,213
5,74,76,85,87,93,107,400
68,74,85,89,205
68,103,203
5,107,118,186,282
16,48,68,69,121,422
40,46,48,85,117,282
85,92,102,155,251
42,46,48,52,68,69,83,84,111,124,201,331,332
68,85,216,229,345,438
13,63,85,117,417
5,46,68,107,115,127,169,184,307,427,469
48,53,68,84,92,158,444
46,48,53,83,87,144,299
202
14,16,48,69,76,93,107,121,155,180,185,188,202,210,387,422
48,68,92,159,160,201,434
61,107,200
428
5,40,99,334
48,68,83,110,202,207,331,383,432
48,68,186
52,69,84,202,221,348
5,48,103,107,206,218
48,85,92,165,192,263,431
48
46,48,69,79,85,124,159,221
5,85,224,276,495
48,52,107,316
48,78,159,256
85,90
69,99,127,164,319,387
47,64,76,185,256,275
68,85,176,180,215
5,16,29,48,80,92,103,107,117,470,505
5,48
48,53,101
16,25,48,114,162,188,282,314,399
33,48,68,103,107,117,176,332,343
10,18,24,25,48,76,82,103,104,117,180,201,224,298,506
18,70,79,236,251
48,84,92,121,176,231,289
83,202
14,46,85,121,179
85,159,209,215
5,46,48,64,70,95,149,159,319,343,467
41,48,53,69,82,111,180,188,190,207,215,220,262,308,331
92
40,48,88,218
16,19,48,60,61,64,92,103,107,127,156,159,175,207,210,331
14,16,19,31,48,61,92,103
28,48,86,144,270
41,47,75,100,121,218,289
18,48,82,84,92,102,142,228,231,236,497
46,76,89,103,110,157,183,244
18,60,76,87,120,242,270,414
34,52,75,127,158,159,201,210,241
53,114,144,255,402
8,16,18,48,52,97,114,232,288
25,40,53,103,104,114,117,124,165,180,236,341
70,83,256,275,344
50,80,84,145,172,202,231
48,53,57,64,70,76
4,61,92,167,169,189,202,231
40,103,114,124,179,180,210,307,348,464
35,40,52,68,82,83,88,102,144,297,300,341,392
48,52,53,68,76,92,119,160,288,308
40,44,74,85,360
5,52,96,107,127,231
16,48,206,361
53,69,82,92,207
69,84,85,209
85,104,247,403
33,53,68,121,159,287,305
12,46,48,53,61,92,162,233
68,172,314
52,80,103,188
68,74,85,203,229
48,53,63,68,107,360
46,48,52,53,68,76,159,360,426,
48,52,63,68,85,118
18,85,274
103,107,167
48,53,79,82,83
16,68,331
5,52,148,360,416
5,52,148
5,69,76,99,107,497
46,53,83,92,105,110,144,308
48,69,78,82,103
48,68,83,92,259
76,80,92,144,331
47,48,68,82,92,121,151,360
48,61,117,210,221,229,262,344,432
80,104,192
8,9,68,92,229,241
85,97,257,324
90,227
46,48,68,85
10,33,69,85,92,104,143,155,210,288,344
5,48,69,78,103
13,18,27,42,48,76,103,104,124,210,239,274,325
52,69,82,92
63,80,83
48,67,76,80,114,160,287
46,76,101,103,183,220,224,287
76,100,158,167,244,349,507
48,52,82,92,117,121
5,52,254,339
10,24,61,76,83,92,
5,48,52,54,72,93,103,169
114,180
48,80,227
24,103,343
63,201
68,85,92,167,291,387
8,46,224,232
19,31,82,85,120,229
5,46,48,52
48,58,88,99,103,107,125,218,284,343
167,236
10,16,82,85
12,46,217
54,103,285,307,401,497
34,48,68,85,117,118,201,288,357
48,52,61,62,75,76,92,103,114,221,231
6,10,52,53,70,93,103,116,117,153,167
83
12,41,83,111,175,186,204,255
103,144,224,331,334
85,227
5,48,64,76,224
41,48,63,69,72,76,92,121,144,157,167,224,289
68,92,101,104,110
13,18,27,42,48,76,103,104,124,188,210,239,274,325
48,125,156,202,426,467
63,103,107
18,54,117,169,188,190,202,414
5,9,68,85,133,403,438
165,319
48,92,99,156,159,188,224,256,291
92,103,109,110,210,231
15,16,46,48,72,110,117,192,210,229
92,103,123,127,242,303,316
508,509,510,511,512,513
44,68,85,121,276,331
48,52,82
53,68,85,167
15,46,68,69,96,149,242
24,46,48,68,69,139,202,298
48,68,69,84,167,227
52,53,68,76,85,87,210,285,305
53,68,85,210,269,309,315
46,143,180
5,34,48,52,68,209,319
48,85,400
85,97,301
16,48,63,68,74,83,167,230,393
10,48,78,85,158,227
68,69,70,107,139,157,233,389
48,83,92,148
10,24,25,46,68,74,83,121,155,167,186,205,227,250
31,48,53,61,72,83,105,132,183
5,52,53,83,85,107,136,301,360
1,38,48,149,185,202,356,399
85,229,331,434
24,68,230
83
5,52,53,69,79,84,103,107,
46,178,341
25,46,48,101,121,139,236,332
92,
0
85,192
76,92,93,115,246,320
12,14,48,52,70,79,93,102,109,125,160,209,218,307,469
52,63,175,236,514
68,83,85,92,126,176,209,297,309
5,53,68,69,92,117,203,402
18,345
52,83,99,107,175,223,307,315
29,103
46,103,107,115,237,344
48,92,165,286
48,93
10,13,16,48,85,99,103,467
41,85,167,187
5,41,48,84,107,288
5,48,107,426
5,48,52,70,92,96,114,414
50,68,286
40,42,48,63,68,144,183,467
25,44,48,88,104,107,167,283
39,45,85,92,232
48,84,92,104,165
10,14,19,48,68,78,144,192,224,242,276,331
53,64,92,103,224,298,486,497
40,48,92,114
48,52,82,92,120
10,52,61,63,70,87,114,255,256,282,287,515
12,42,68,69,92,96,114,127,222,319,382,469
39,61,85,186,245
8,13,48,291,332
8,68,92,291
24,48,53,61,84,89,141,336,389
69,82,121,125,160,167,180
5,48,76,103,107,244
80
18,48,119,210
6,27,48,76,83,115,166,186,205,221,243,432
76
54,89,109,144,160,162,221,274,332,344,349
52,119,162,167,394,474
114,180
13,48,357,420
18,19,48,68,82,84,90,95,148,167,224,289,403
48,52,53,69,92,103,123,165,331
5,24,48,92,103,108,119,123,127,316,444
24,79,102,201
229
70,92,94,162,183
52,107,127,210,221,316
180
48,70,76,83,87,92,94,175
3,69,92,165
25,33,48,54,61,69,82,90,114,116,117,144,159,167,180,276
48,68,85,118,124,203,288,346
469
6,14,92,111,124,144,156,180,299,331
29,40,48,92,143,159,221,231
13,92,99,118,160,183,242,379,385
76,121,129,137,175,185
48,282,331,427
5,15,25,209,332
52,69,85,324
5
48,426,516
13,16,179,282,426
85,115,127
19,48,68,104,202
107,190,331,332
85,107,209,229
48,52,64,83,85,397
48,85,209,227
18,68,85,227,315,331,332,339
46,48,68,226
48,61,96,159,236
48,68
61,68,109,127,157,169,497
416
18,68,145,227,402,403,426
72,76,83,92,99,157,212,307
12,19,48,52,76,82,107,160
68,107,236
49,85,102,121,316,414
48,61,69,108
52,92,108,309,352,406,
4,38,92,99,121,127,169,224,349,469
8,48,68,85,92,121,167,185
79,83,105,117,169
85,107,203,348
69,79,175
16,68,516,
8,48,68,85,92,121,167,185
48,332
5,48,107,125,157,231,331,332
38,48,52,68,251,300
5,48,52,53,68,82,103,175
52,72,180,263,324
8,34,48,68,82,167,232
68
16,85
46,63,85,176,250,345
104,118,175,244,309,381
5,52,76
24,42,46,101,113,133,159,502
40,48,79,83,90,111,158,210
68,85,148,229
78,255,332
85,159,199
69,82,85,115,329,344
40,48,69,220,316,502
5,38,46,52,76,103,107,186,300
24,85,97,324
48
25,46,82,114,118,143,202,221,255,287,300
85,89,127,
68,229
46,92,118,224
80,104,192
5,53,69,76,113,175,216
5,8,68,300
61,111,139,205,224,254,331
61,85,86,160,179,396
14,21,25,41,48,52,61,167,202,277,387
15,35,53,111
40,48,68,85,118
48,80,85,110,111,157,224,232,251,344,467,469,497
4,44,64,83,93,123,222,274,319,408
48,92,114,180,210,216,297
14,48,59,167,201,202,251
52,69,92,111,121,173,210
48,53,61,68,78,103,107,121,319
48,102,103,228,230
4,5,47,69,70,76,79,237,387
48,83,243,297
48,70,76,92,109,135
103
16,25,40,121,144,192,201
13,48,70,76,121,145,231,331
5,68,85,92,167,210,215,229,276
82,236
16,48,63,68,73,85,118,252,293,346,347
68,95,331,339,344
68,305
52,87,223,262
67,70,92,155,232,236,282,298,387,448
5,48,92,103,165,179,180,319
48,61,63,92,104,114,157,188,190,308,337,344,348,497
46,48,85,87,93,274
22,47,60,79,85,92,155,235,327,
22,93,101,167,184,210
344,399
6,45,46,70,256
52,68,76,83,84,90,110,165,175,202,207,344
8,48,70,139,199,221,254,332,425
48,61,69,70,82,89,103,285,331
92
39,68,203
47,92,95,123,260,270,307,316,391,498
22,93,101,167,184,210,305
2,8,25,111,144,288
76,92,201,206,233,363,497
47,92,95,96,99,123,176,270,307,316,391,498
5,52,53,74,107,155,285,301
48,61,69,361,
16,87,118,150,167,426
48
16,18,48,362
85,254
5,68,85,87,169,230,237
19,52,90,99,279,336
12,48,68,93,107,169,179
68,69,159,315
46,48,50,68,85,165
25,103,228,332
4,18,48,52,114,139,144,229,315,
13,63,68,69,72,87,113,138,201,274
48,52,159
68,224,254
46,48,52,53,107,129,157,185,348,414,416
1,68,96,127,167,221,224
85,107,229,331,339
18,24,48,85
25,48,85,103,124,159,221
16,68,
68,86,251
48,75,103,175,190,224
68,69,107,243,275,279,316
48,54,63,82,114,138,180,290,332,348
58,68,93,109,121,123,244,294,316
68,85,157,254,348
12,48,52,53,61,64,89,108,114,169,180,188,202,210,221,231,243,414,517
24,41,46,68,121,348
53,59,70,111,174
48,70,90,92,114,160,180,297,399
48,72,85,97,129,257,324,362
48,72,129,361
85,107,179,227,339
18,68,83,104,107
61,63,68,85,87,209
52,69,107
85,90,105,117,144,149,300
42,83,85,116
16,48,85,107
25,46,114,118,202,221,
48,68,117
16,80,85,87,97,107,257,324
48
9,48
9,107,215
85,159,344,346
25,103,144,159
16,83,85,92,120,124,332,349
39,68,201
5,52,305
48,52,60,69,70,207,269,517
48,53,68,82,89,223
5,48,53,68,69,85,93,107,125,169,344,496,517,518
5,34,48,107,120,121,165,168,221,387,442,519
30,48,90
18,40,68,111,282,305
14,48,52,53,89,120,180,414
39,40,64,75,103,111,121,157,224,332
5,16,18,107,282,426
5,52,82,159,174,202,209,215,479
28,83,92,139,165,256,332
48,52,53,82,103,210,285
46,48,104,144,156,331,332
25,54,69,103,210
25,103,111,254,315,432
8,48,50,68,95
40,48,84,103,111,142,144,153,165,199,206,244,299
52,361
48,62,83,102,104,173,189,215
85,90,159,229,236,
48,68,79,159,216,275
79
114,180
5,52,76,93,305
41,85,121,159,316
29,63,68,85,167,227,271,331,346,417,442
46,52,68,83,85,105,110,206
10,48,68,85,104,117,229,402
82,85,133,348
18,25,48,76,107,159
5,48,52,107,362
20,31,40,48,68,85,139,289,403
16
22,52,68,75,85,90,93,107,282,331,402
16,68,82
48,82,85,297,467
76,111,224,402
5,52,69
79
5,74,104,159
48,82,85,202,240,283
38,48,79,84,85,133,148,169,247
48,68,82,85,104,117,170,267
12,53,68,102
25,48,76,85,92
68,218,270,274
18,53,85
5,18,33,48,79,83,85,103,124,142,178,210,290,324
39,68,331
18,46,103,107,254
92,121,233
48,53,76,83,85,111,243,497
5,15,103,291,300
90,93,103,165,320,331,402
13,48,68,78,103,148,345
5,48,52,85,387
9,25,90,115,117
16,307,334,344
16,284
48,52,361
19,68,76,85,239
1,2,68,92,259
68,254,295
188
48,92,121,148,334
16,426
23,82,92,180,209
68,81,92,208,334
48,53,68,82,172,223,252,274
48,52,61,70,72,103,107,114,117,121,125,126,167,180,231,284,346,432
79,149,158,348,357
47,57,69,70,76,127,301
52,61,82,123
68,192,213
180
40,82,104,118,138,139,297,334
5,48,61,97,117,121,202,284
48,64,68,70,79,121,176,216,230,255
48,68,175,263,271
19,202,344
5,92,227,301,346
43,209,417
68
16,24,27,68,111,129,192,254,259,273,469,497
25,46,48,103,159
25,48,232
48,103,165,520
16,25,68,82,101
68,121,124,166,344
68,97,324
83,92,382,432
8,48,53,70,111,138,180,229,293,389,401
10,25,44,47,48,63,74,82,111,232
120
15,39,82,111,221,226,230,492,510
4,8,10,82,344
48,52,103,107,207,213
48,192,426
127,175,316
117,294
83
382
5,52,53,107,207
48,76,361,426
4,68,85,94,105,159,432
53,85,87,158
5,48,68,192,251
5,16,48,85,117,263
69,82,85
85,124,132
28,31,63,85,107,127,186,232,319,357
5,38,70,76,103,156,159,169,218,420
52,85,87,206
52
48,85,90,167,185,202
52,85,89,275,334
52,69,78,85,210,223
52,85,305
34,48,85,107,444
2,52,85
52,54,68,72,82,92,93,259
8,69,85,251
18,68,85,227,251
5,61,69,111,184,305,380,496
180
22,48,52,53,70,83,107,125,158,180,187,210,256,275,309,357,414
48,52,85,210
52,53,54,69,79,99,107,123,202,208,316,328
46,48,61,68,245,432
18,48,69,79,84,85,183,471
2,107,284,382
5,24,48,61,69,114,125,180,263
18,52,68,107,167
25,177
25,48,53,68,175
103,107,167,206,432
85,97,257,496
48
16,68,101,107,110,116,144,192,229,331,425
48,61,68,76,87,121,159
47,52,53,54,89,93,175,305
68,138,254,440
40,68,84,399
14,48,68,69,82,92,101,206,255,521
4,14,85,201
52,61,83,84,89,127,144,387,427,522
85,90,92,104,117,199,228,284
68,85,117,224,230
25,46,48,52,53,89,107,144,201,220,221,246,260
76,92,320,414
48,103,107,201,208,398
48,61,64,92,222
68,85,92
46,48,53,69,93,107,120,210,407
39,120,300,347
4,47,48,52,70,76,129,158,340,346
10,30,52,83,107
68
10,38,82,192,432
13,46,48,83,143
8
16,85
13,48,221,227,228,229,236,510
40,47,48,54,61,76,86,92,114,144,180,199,298,493
24,48,75,138,144,227,271,334,497
48,61,92,159,275,323,345,469
68,76,85,95,113,239,275
76,85,89,158,482
29,40,48,82
6,13,48,69,85,117,228
75,76,92,103,114,123,127,242,299,349
8,16
5,6,109
16,85,124
69,83,186,209
5,68,74,107,201
5,48,52,82,416
48,64,256
116,218,232
52,68,69,78,92,
48,75,79,83,117,148,397
14,17,70,114,167,180,263
5,97,103,199,221,270
2,16,40,209
5,50,62,92,103,121,229,348,396
5,85,103,104,192
5,27,48,61,75,82,85,114,188,209,236,271,434
79,85,90
52,175
15,426
92,114
40,85,192
5,33,48,64,70,103,107,126,206,282
8,18
27,34,48,61,63,83,85,120,220
25,40,92,111,357
4,64,76,90,122,183,202,422
13,34,41,63,85,90,117,176,192
40,43,48,61,69,92,
15,25,68,85,229
35,68,107,169,186,188
41,46,52,121,127,207,262,263,387
92,180,188,288,432
5,13,38,85
48,361
327
5,48,52,68,70,83,84,167,221,224
54,82,85,89,117,200,251
48,62,68,78,167,175,202
5,6,9,48,61,70,111,169,265
5,52,53,121,141,169
29,69,223,262
6,15,38,82,101,109,110,173,186,207,231,303,327,341,342,379,511,523
5,39,40,84,92,
25,48,70
24,33,40,48,61,90,110,207,222,468
14,48,52,53,61,70,76,85,93,101,129,206,346,398,524
37,48,61,82,114,117,121,159,180,188,202,271,432
37,92,111,344,525
114
52,107,
53,85,227,229
180
69,85,247,420
46,48,79,83,107,497
34,68,200
41,43,53,68,85,201,255
18,167,286
2,68
5,52,68,209
228,282,314,426,
40,68,103,124
48,70,146,216,292
85,209,253,426
18,167,286
79,149,185,254
69,92,102,216
19,68,103,104
85,
5,52,53,89,114,174,180,202,231,235,307
46,48,68,107,135,201,331
9,16,48,68,107,237,251,297
5,9,48,54,186,276,337
69,85,210,526
48,68,85,172,203,207
18,48,63,93,119,123,144,159,180,189,216,227,260
172,202,350
2,19,54,85,105,133,192,255
15,48,101,114,167,202,300
52,85,107
75
48
309
68,111,125
118,175,192,426
69,82,83,202
16,18
18,97,257,324,426
48,79,83,209,210,218,
107,117,164,239,387
23,85,103
51,282,426
82,92,96,176,247,274,345,395
68,115,205
69,83,233,287
25,68,92,122,364
8,39,53,69,76,82,186,235,346
40,48,50,68,85,229,348
40,48,68,83,202,206,210
8,76,104,254
2,33,35,54,68,70,87,120,124,215,273,311
2,18,82,103,118,157,167,189,383,436
48,82,92,124,289
85,218,252,467
92,282
47,51,52,92,103
3,13,53,114,167,180,265,341
92,394
53,76,284,307
19,42,48,52,63,68,70,85,92,107,432
47,48,60,70,117,308,331
16,68,436
52,107
13,23,85,169,192
4,76,79,329
48,151,159,303
51,69,107,221,346
85,226,270,297
68,85,86,331
5,52,107,327
16,51,85,121,199
5,52,79,102,299
75
16,48
48,52,53,69,76,79,85,115,157,167,398,427
294
52,85,86
46,48,51,85,229
12,79
48,97,236
68,85,205,331
40,48,68,271
34,68,251
5,9,48,70,76,114,115,143,159,170,188,314,420
25,38,46,68,74,107,121,124,216,341,344
53,92,111,172,180,188,232,256
5,48,51,72,175
48,61,111,256,293,331
15,20,48,89,92,221
69,85,101,175,315,387
83
4,48,57,114,125,129,155,157,180,210,247
5,68,69,101,103,208
48,68,118,159,167,169,180,232,236
147
48
42,117,287
5,16,87
76
68,85,103,229,344
2,25,164
48
48,51,68,85,148,202
40,48,107,
48,92,208
25,30,33,34,63,69,76,85,93,103,165,187,227,276,307,527
9,16,85,207,229
48
5,9,15,48,107,192,210
5,48,103
19,46,68,107
29,47,68,316,331
8,68,85,218
48,53,64,69,92,103,185,210,316,486,528
76,155,202,263
85,107,199,220
46,48,53,54,79,221
10,14,46,48,68,124,263,286,331
79,84,107
68,69,159,520
25,46,48,89
29,67,111,144,202,227,254
47,68,69,119,121,207,210,274,287
51,85,90,96,262,315
9,14,476
83
42,48,82,83,160,263,346,528
24,53,92,144,246,269,331,528
48,64,92,157,218,352,526
53,169,180,185,188,263,307,331,363
61,72,83,107,140,207,251,288,345,357
5,9,44,85,92,107,156,225,227,406
42,46,48,52,92,114,138,199,210
43,82,114,117,124,201,260,316,464
25,40,47,75,92,127,164,182,200,331,345,402
52,84,92,180,188
80,85,114,143,345
69,82,83,85,92,103,110,117,224,331,500,528
79,114,180
63,143,
39,46,68,69,85,207,233,305
68,92,100,111,183,255
92,121,164,180,234,251
2,31,45,47,69,72,76,89,90,114,175,235,257,263,279,295,316,337,463,497,517
5,29,46,47,51,69,76,79,114,125,129,176,180,206,218,257,274,305,349,399,416,427
4,25,48,54,70,79,92,123,149,180,202,255,282,331
52,102,159
47,48,51,92,95,209,316
51,69,70,72,124,180,316
31,45,51,68,69,76,89,183,235,263,463,497,529
16,85,401,434
5,48,52,82
92,107,530
68,192,198
51,67,68,85,87
48,68,85,124,211,331
46,48,52,175,207,223,229,342
68,211
48,52,85,206
16,27,111,117,129
44
52,74,107,140,229,331,345,401
46,48,107,175,
81,104,275
52,68,107,206,276
5,51,69,83,221,287,288,520
68,69,92,119,141
16,51,54,68,82,83
16,48,153,155,194,204,389,444
16,192,426
46,48,85,226
18,42,68,83,236
33,45,85,92,117
48,74,85,159,179,402
10,27,48,96,159,207,209,256,263
16,68,85,220,254,344
53,68,69,85,125,301
4,5,43,44,48,53,68,72,85,93,215,291
16,68,85,220,254,344
48,74,85,159,179,402
103,107,125,217
5,51,180,344
10,25,34,51,52,76,99,156,173,207,220,271,353,403
5,48,51,61,69,93,103,107,114,119,121,123,220,274,349
18,48,67,68,85,
25,46,48,68,85,159,224,232
14,48,72,79,83,121,331,349,430,432
95,202,284
15,68,167,209
14,24,51,52,103,274
39,85,227
2,40,46,92
18,52,58,69,70,90,157,320
46,79,244,277,291
4
24,69,85
51,105,144,176,202,207
29,34,86,88,116,145,148,331
4
44,48,53,68,72,93,202,
19,104
51,107,232,342
51
48,85
16
48,68,117
4,52,83,90,105,180,207,402
5,52,401
47,48,69
16,48,114,120,159,188,192
114,346
48,76
48,76,361
48,70,79,85,90,188,209,425
25,50,83,103,114,224
48,51,62,82,162
19,46,51,92,103,115
31,55,69,127,157,186,222,225,352,469,531,532,533
51,54,84,246,308,344
114,175,180,188
4,48,51,61,76,101,111,114,129,165,180,200,209,215,344,422,430
2,25,34,42,53,107,111,114,117,144,180,201,534
25,33,48,82,111,117,410
250,339
85,87,118,180,202
51,68,96,344
46,48,228
25,50,83,87,103,114,164,221,224,245,421
24,52,83,85,118,180
284,394,469
27,48,51,69,210,214,246,248,276,342,402,513
10,23,26,37,63,85,92,103,114,153,159,192,201,210,218,356
5,16,68,76
63,92
12,51,69,92,221,262,287
5,46,68,156,159,180,331,393
24,68,85,144,167,192
31,51,85,245,497,535
5,46,48,69,102,120,387
31,51,85,245,497,535
5,46,68,156,159,180,331,393
8,14,19,25,232
92,121,224
48,53,63,68,70,83,90,99,107,123,221,262,274,275,349
24,68,85,144,167,192
8,13,48,70,111,117,251,300
68,113,202,
68,111,118,209
5,40,48,74,76,83,144,232,348
46,51,76,92,188
44,51,109,139,180
85
9,46,51,107,172,201,392
6,160,188,309,497
46,48,69,76,101,110,139,169,255,262,282,309,339,486
35,92,107,
48,70,82,169,175
48,70,92,114,175,223,295,502
48,67,167,247
48,82,107
5,51,221,315
53,287,401,406,447,452,536
48,76,89,103,107
48,53,74,85,93,322,484
12,85,139,156,343
5,52,69,74,107,309
22,41,68,85,109,396
48,52,70,85,137,157
5,116,124
8,16,68,85
14,57,68,107,169
5,52
48,51,68,344,509
5,12,68,85,137,164,172,176,251,463,528
68,73,209
43,51,82,159,351,497
14,85
40,48,54,210,426
53,68,85,218
18,29,85,427
48,51,82,138,243,283
18,68,90,282,432
40,68,92,95,99,215,255
5,48,85,102,349
42,68,117,246
68,85,103,201,254,260,289
40,85,92,251
13,92,113,224,291,300
5,40,52,68
92,
5,69
5,48,85,92,169,251
48,52,74,114,123,188,320,331
51,85,90,101
48,74,81,107,331
51,52,426
33,44,85,103,107,202,309,383
51,85
48,51,53,63,104,107,186,227
24,43,68,85,124,199,215
5,51
2,82
5,46,103,192,282
89,188,210,287,497
35,40,42,185,315
38,107,117,218
46,48,51,61,69,76,331,432
15,92
10,53,76,109,114,120,127,167,180
5,51,52,68,85,96
45,53,70,101,209,382
5,53,103,127,202,223,294,347,387
41,42,48,69,82,90,118,167
14,24,25,29,40,48,52,61,85,92,133,144,164,194,251,345,537,
39,53,82,92,159
92,99,127,155,159,167,183,348
3,13,35,70,96,103,114,124,320
48,68,226,305
48,69,70,148,175,218,289
25,92,113,114,137,235
48,54,70,79,83,124,228
40,48,51,82,160,190,255
12,15,48,70,83,102,224,237,242
51,144
14,24,25,48,53,93,99,107,114,167,186,395
24,90,145,175,270
51,65,82,93,155,157,207
18,19,33,42,92,104,111,114,180,214
24,34,48,51,114,148
10,15,40,48,51,53,61,68,69,103,107,108,121,133,165,179,206,406,454,
24,48,53,92,93,107,158,159,169,186,216,227,400,432,464
92
16,68,85,331
16,68,69,85,92,209
51,85,186
40,48,68,85,179
51,68,107,109,169,273,277,303
52,70,79,107
46,52,53,62,107,207
48,51,52,85,103,107,186,285,400
40,85,111
68,85,482
52,68,103,324
52,83,85,221,276,289
18,40,46,52,85,90,107,242
18,85,97,257
48,68,69,85,164,224,251
40,135,344
5,63,183,297,341,343
81
69,70,81
68,85,103,203,267,286,300,343,426
114
25,85,420
12,14,24,31,48,51,61,64,70,76,79,93,102,121,123,185,414,427
47,48,52,83,84,92,111,164,274
5,48,52,68,69,76,82,135,169,186,221,427
48,79,82,83,103
2,69,92,143,144,188,311
61,69,70,80,93,107,149,207
15,46,48,92,202,207,316
48,68,93,125,209
83,170,202,297,315,406
124,500
16,85,103
48
48,104
2,68,144,251
68,82,103,224,345
5,52,241
19,48,50,63,68,165
48,85,121,186,251
48,52,76,92,99,175,414
82,505
52,79,103
16,25,39,46,79,83
68,85,159,192,275
51,70,92,190,207,275,309,420
96,103,227,331
16,48,68,70,83,111,221
40,48,97,117
76,92,103,124,287
14,48,57,168,176,265
2,13,18,54,61,83,92,102,159,210,348
13,48,51,61,92,114,148,183,185,281,349
46,48,87,117
34,69,254
51,82,87,107,202
33,38,68,74,85
188
8,14,35,43,48,104,123,172,221,510
48,51,111,121,180,185,414
52,68,69,89,93,107,344,489
51,82,157,315,331,345
44,52,92,99,111,201,218,240
68,69,76,103,186,496
114,153
2,10,25,70,78,121,202,
48,92,117,210,235,528
84,275,277,316,425
40,48,52,54,59,69,92,123,124,127,210
5,52,69,202,243,308,520,538
192,426
48,68,85,89
16,107,167,434
52,104
51,85
25,51,102,138
46,52,85,158
5,52,68,85,190,218
40,48,52,68,99,159,160,217
22,47,70,99,111,348
31,48,76,160,190,207,414,432
54,69,121,144,246,307,334,354
68,85,103,111,228,339,345
13,48,51,68,69,84,107,114,159,187,237,331
51,159,254
46,48,51,68,85,186,352
48,85,336
5,72,117,242,244,357
5,48,148,327
85,229
48,51,80,82,103
15,48,157,180,223,281,533
69,79,83
48,52,103,107,117,209
48,85,159
93,159,454,469
48,85,331
16,48,63,85,92,430,432,528
50,53,213,218
5,48,300
16,107,192,426
118,175,192,426
48,339
48,62,68,85,159,227
68,254,255,344
40,51,68,121,282,314,331,392,528
5,74,85,159,251
69
25,48,85,339
85,104,209,282
12,48,103,107,121,144,236,467
48,61,68,82,85,92,136,158
48,85,114,288
33,229
69,92,117,144,331,
51,52,76,107
5,50,80,103,494
52,61,68,85
40,48,67,69,110,114,144,180,183
47,48,51,52,176
17,33,35,41,48,82,92,103,107,108,111,125,175,420,442
66,107,111,202
45,61,121,180,205,210,344
48,52,72,76,92,165
48,51,52,68,102,110,111,114
48,59,68,85,167
103
5,52,289
103,114,123
48,68,117,138
5,39,64,103,124,202,207,301
33,51,68,82,83,99,117,119,201,263,533
85,227,321,357
6,9,48,82,164,201,218,247,255,360
18,25,31,42,68,76,144
51,52,82,83,331,539
23,33,48,69,82,103,110,148,159,165,221,497
43,90,92,117,300
85,92
39,46,51,76,101,110,114,115,133,160,180,214,262,345,497
48,76,124,180,192,202,232,533
25,33,41,95,114,117,144,180,251,276,
48,63,70,78,83,125,183,331
85,92,160,192,255
22,48,51,61,69,76,92,93,160,199
16,48,114,144,167,234,274,284
47,92,95,255,276
33,51,68,85,92,144,192,282
103,124,229,328,362
46,68,156,255,275,349
18,68,85
48,52,85,87,285,305
114
48,85,159
18,46,85,251
24,48,53,76,79,83,85,179,274,316,319,427
18,35,48,49,68,192,331
13,68,85,167,331,348
25,48,51,103,107,119,331,495
52,84,85,114,223
47,51,69,85,210
143
29,107,357
39,62,85,516
69,85
5,52,68,85,99
48,85,221,289
48,51,125,331,346
3,46,48,52,61,83,102,111,144,159,172,344,427
24,48,68,92,158,207,500
48,52,68,84,107,208
5,6,15,44,48,76,92,93,107,126,255,416
48,57,64,68,69,87,96,186,301,427,470
44,48,52,69,74,85,107
470,
51,79,84,107,188,237
48,68,76,85,92,121,209,394
83,157
48,85,97,121,426,434
12,48,51,362,403
48,362
48,251,284
362
48,67,68,85,227
48,67,68,85,227,289
68,100,227
48
5,103,221,270
16,85,229
38,53,78,103,157,210,263
52,76,85,124,398,400
46,76,83,92,115,207,348
48,51,70,78,186,207,307,404
25,68,79,139,192
51,53
16,48,68,85
33,43,48,52,61,62,69,80,101,103,107,114,159,188,202,209,221,262,383,517,528
16,25,39,70,84,85,92,104,111,139,153,167,176,217,221,254,344,389
68,119,127,257,540
13,48,51,82,111,114,118,133,159,172,180,232,284,289,297,332,391
45,143,159,334
5,51,52,243,263,476
46,52,92,180
24,45,48,69,114,133,143,202,210
5,48,52,69,74,236
48,85,92,209,213,251
48,69,70,74,167,180,319
52,64,85,94,96,281,289,332
48,85,176
12,72,103,107,202,220,241
48,79,83,84,90,117,188,201,224,346,510
68,76,83,117,216,246,344
34,85,275,312
48,51,61,63,69,89,114,180,186,332,528
5,34,48,103,117,126,160,174,207,254
92,114,215,221,291,421
10,34,148,176
99,212
68,95,180,224,387
70,92,284,528
48,144,145,265
39,43,82,85,133,180,204,221,277,352,
48,51,92,143,164,339
103,114,118,180,208,209
5,48,51,124,175,209,300,531
25,39,70,84,104,111,153,176,221,254,389
83,289
4,34,45,118,124,315,337
180
5,46,48,51,52
48,51,202,244
68,85,167
52,68,85,159,256,343
46,51,85,
75
2,68
107,227,271
46,68,94,332
145,202,254
180
85,227
16,68
45,48,52,79,85,129,312
48,82,99,111,143,427
48,68,117,175,512
5,22,24,52,69,70,76,164,244,303
31,48,53,76,82,183,207
12,69,83,85
51,52,57,72,76,93,183,190,344
75,104,401,
312
85,95,169,223,352
16,85,103,229
48
5,48,84,85
51,82,328,428,
5,276,289
10,48,111,243
2,68,74,107
6,34,51,68,75,99,236
48,82,89,111,114,117,180,199,216,244,259,289,309
18,25,48,70,117,180,229,321
45,176,332
16,107,117,282,342
60,80,83,84,114,187,210,228,237,275
18,25,33,46,48,52,70,76,114,117,144,180,188,229,321
67,68,97,99,118,467
25,39,107,120,332,339
58,72,76,93,95,107,127,275,276,400,422
85,104,209
40,68,85,209,305
5,51,52,69,93,107,305
46,47,48,93,117,186,192,224,233,350,389
46,48,51,57,69,83,101,107,180,274,309
16,51,83,84,85,117,127,160,186,208
85,101,107,333
48,52,76,92,107,109,114,190,387
48,68,75,104,167
22,82,107,144
51,70,107,329,331
68,76,92,99,107,186,344,345
40,124,153,382
5,43,44,48,68,76,92,165,186,282,495
38,85,251
48,85,192
8,25,46,48,69,84,103,117,172,201,224,228
38,48,68,70,175,356
44
12,15,40,48,70,92,96,114,176,180,218,284,291
41,92,133,172,332
31,48,70,78,107,289
40,51,70,85,92,251,344,359
48
40,160,208,210,233,283
19,398
35,39,61,69,84,92,96,101,115,121,160,199,220,224,235,254,255
48,69,75,245,398
21,33,48,61,111,186,229,251,383
92
68,82,94,111,237,469
12,47,72,75,76,83,129,192,215,509
18,25,33,46,48,52,70,76,114,117,144,180,188,229,321
76,83
48,541
86,159,294,426
52,61,79,89,93,274,307
48,61,79,206,289
51,70,83
180
52,68,319
68,346,441
51,68,331,339
48,85,242
5,48,68,93,285
52,426
9,48,176,300
51,85,102
37,68,85,115,145,293
143
18,68,85,124
13,107,188
5,12,74,121,289
48,51,82,107,110,387
48,82,192,256
18,48,85,229
33,76,83,90,105,124,159,165,344
68,85,90,541
68,69,101,115,208
5,48,68,90,482
5,48,51,76,83,85,92,93,103,208,212,288,319
188
48,51,68,207,221,233,319,427
45,67,80,85,114,203
50,85,116,339
48,83,93,125,210,500
74,82,85,111
10,85,90,203,207,344
68,76,92,127,235,402
5,15,69,76,83,89,92,96,102,126,202,207
5,51,52
48,75,192
48
8,52,68,70,85,107,122
542
83,164,229,247
5,48,52,139,543
5,69,70,160
76,79,89,108,190
69,92,180,188
38,48,83,107
16,345
88,211,230,332
2,13,19,38,92,103,116,124,274,542,543
83
46,68,85,167,250,331
18,48,79,83,84,117,188,425
13,224,402,487
9,40,61,69,83,84,93,207,289,345
40,69,114,123,143,223,332,356
48,84,103,153,227,331,332
6,13,89,162,202,216,221,260
31,46,48,51,61,69,72,92,114,180,182,210,544
35,48,85,198,297,332,543
68,73,192
5,188,331,332,339
14,18,53,116,210,232,469,542
50,68,116,164
8,19,25,48,76,85,103,153,210,232,348
13,14,48,92,118,126,207,246,319,358,403
122,157,160,180
29,180,332,543
8,75,89,216
25,57,144,201,282,537,545
48,89,103,107,148,216,224,332
5,48,63,70,76,103,107,160,215,227,248,439,541
69,72,78,332
25,39,40,68,92,115,227,339
47,52,68,69,70,84,85
48,52,68,69,85,101,148,256
47,48,51,82,93,114,180,186,472
48,88,135,202,331
48,61,107,176,215,233,332,400,422
43,63,70,85,90,148,256,329,344,467
69,159,180
51,52,85,
48,84,85,87,167
51,85,338
8,15,25,42,46,48,69,124
48,68,159,
8
8,48,201
53,68,85,118
52,69,85,108,452
5,51,52,74,84,107,542
5,103,107,282
48,68,85,103,159,227,229,251
10,12,50,51,68,107,
48,57,68,300
5,19,46,48,51,107,159
5,52,69,107
48,51,93,319,327,331
48,68,83,85,93,107,187,285
16,48,85,
51,57,68,92,107,180,289,297,320
5,19,48
8,15,25,42,46,48,68,69,107,124
48,68,224
6,114,127,164,188,202,232,235
5,79,505
51,68,85,103,158,167,186,241
48,70,84,95,157,169,231,546
12,18,48,61,68,69,85,87,89,92,119,390
111,155,157,336,341
5,103,107
68,176,216,345
5,46,48
5,57,69,87,107,169,360,361,401,430
85,145
69,103,107
57
48,69,269
48,61,83,92,120,155,285,398
45,79,82,88,114,137,344
5,69,103,274,319,320,334
5,69,70,120,169
5,48,52,92,93,206
43,48,68,92,117
51,85,159
46,48,51,61,68,83,93,117,398,418,450
40,48,165,183,207
5,74,90,94,120,188,275,343
52,82,236
48,52,53,75,82,84,153,222
51,92,103,161,167,319,486
57,68,69,74,82,85,89,155,218,284,287,470,497
25,48,52,82,90,129,357,395
48,51,256,332,339
76,102
9,10,12,48,111,468
48,52,114,137,144,201,217,232,250,251
48,52,53,63,69,92,95,104,144,153,175,229,282
5,51,69,92,157,215,221,227,305
12,52,68,70,76,102,103,124,160,168,184,285
31,40,51,52,69,70,159,160,178,180,217
2,16,43,46,68,84,101,103,145,175,192,209,229,232,242,251
50,76,82,202
37,51,53,92,113,117,144,145,202,218,227
43,48,103,229,233,260
48,68,82,92,176,216
48,78,83,221,332
48,69,148,190,202
12,51,62,76,85,243,285,319,387,450
34,47,48,68,221
35,46,48,68,186,224
83
2,16,70,85,111
5
5,48,68,84,85,271,403
48,53,58,67,68,73,76,108,117,124,209,284,347,450,469
5,14,27,37,48,61,68,84,92,99,114,115,119,120,125,169,180,186,206,303,332,346,490,513
83,84,201,300
92,96,102,111,201,387
48,69,362
19,48,53,85,232,362
5
79
48
16,85,192
25,68,85,167,175,526
82,85,265,291
85,87,192
5,48,51,72,85,102,103,107,223
46,48,68,92,124,192
13,51,52,68,85,103,159,315
16,68,107
5,48,49,202,203
12,46,48,53,68,69,72,89,107,111
8,16,37,48,63,74,117,167,232
48,61,64,68,69,82,262,470
75,103,188,269
51,74,76,107,319,492
14,48,101,111,117,209,319,332
12,14,68,74,120,127
48,52,107
53,92,148,169,210
92,233
79
12,16,48,52,114,143,167,180,192,262,434
8,48
3,5,167,229
8,41,103
68,286,343
5,52
5,25,48,107
43,51,61,111,157,209,332,414,416,
14,40,48,63,69,83,84,113,176,394,403
92,547
14,40,48,63,69,83,84,113,176,394,403
48,362
35,111,188,262
42,48,52,69,76,85,311
24,76,95,103,202
53,68,122,144,285,344
16,80,92,180,227,284
48,52,53,76,86,111,164,254,548
10,14,18,82,207
5,48,85,124,348
34,51,83,124,129,144,207,332
51,68,82,246,
5,107,111,116,124
48,51,92,103,107,110,165,332,347
6,18,48,117,179,232,332
46,76,85,103,224
48,83,183,186,254,319
24,40,47,48,76,192,414
48,69,76,93,96,108,114,115,144,180,202,262
100,103,107,221,227,232
5,33,48,52,83,84,117,222
12,33,46,48,53,61,69,88,92,107,117,143,175,180,218,390,400,506
18,48,79,85,176,192,210,398
5,48,103,174,207,218,294,311
46,48,51,68,92,192,291
6,8,25,27,48,61,63,82,109,148,220,307,332
5,28,35,85,92,160,227
34,48,84,103,109,114,123,209,251,387,
13,48,92,111,121,144,162,167,203,209,284
51,92,111,116,209
60
305
48,51,52,88,92,117,129,
48,92,110,165,332
25,48,68,69,90,92,210,
59,82,83,111,117,142,276,425
5,22,25,69,175,206,224,497
5,24,34,48,51,76,92,99,107,188,307
10,27,30,41,48,84,90,103,114,141,142,157,180,224,275,422,430
10,25,48,51,92,96,103,110,111,117,139,144,167,233,332,356
48,68,85,159,167
48,69,79,102,202
46,48,184,235,400,427
13,48,85,
85,229,254
79,189
5,52,103,107,110
79,107
34,76,85,127,158,387,465
15,48,52,62,68,85,118,133,145,360
5,52,53,69
5,48,51,52,68,
46,51,83,96
53,68,83,115,162
5,52,53,72,102,103,206,244,271
5,107,227,271,282
52,69,89,103,107,210
51,52,68,69,175,543
5,48,93,107,124
48,85,124,251
48,68,69,102,107,289
46,68,509
16,38,68,85,124
45,48,52,63,72,92,172
12,68,69,101,127,207,492,538
492
92,123,184,398,546
107,175
48
18,68,227
24,85,159,227
48,85,221
52,76,85,247,342
48,93,202,
48,68,119
53,68,175,319
53,61,92,207,332,356
13,48,84,543
39,92,114,144,172
34,38,74,81,109,173,224,247,303,327
16,68,85,159,190,223,224
47,48,84,93,175
24,85,87,97
48,92,144,256,288
107,125,157,192,202,212,293,432,450
78,85,201
33,52,70,76,114,320,430
107,125,157,192,202,212,293,432,450
18,68,103,114,334
5,33,39,64,68,85,103,126,160,233,311
14,16,48,89,92,117,144,160,167,290,332
34,38,68,85,103
10,34,48,68,92
48,69,70,102,103,107,186,206,289,308
5,24,41,70,84,103,200
5,48,52,84,103,144
39,92,103,167,217,229
48,70,85,110,188,262
16,109,116,117,144,167,192,215,393,480
48,49,52,53,70,99,111,114,117,121,148,157,180,212,231
46,69,70,92,175,319
12,25,41,92,104,111,114,143,180,246,271,395
43,111,119,414
10,39,46,224
0
92
70,105,180,220,254,341,348,422
92,
15,34,92,114,144,172,180
48,82,145,188
25,30,47,70,92,117,403
82,138,173,180
8,18,47,70,173,224,341
48,89,103,173,217,486
5,52,107,206
4,6,8,13,48,61,69,70,111,114,124,162,180,188,201,217,241,263,332,344,414
48,186,362,387,549
52,68,69,83
103,143,180
8,68,85,100,107,192
5,52,53,107
48,68,83,281
229,426
48,85,274,336
68,550
5
68,118,247
42,107,114,218,270
68,270,275
48,68,74,76,85,92,223,551
48,68,69,85,208,319
48,92,102,167,180
5,51,69,85,174,305
43,48,76,85,90,452
40,48,92,164,165,223
14,25,85,124
68,341
48,68,85,337,357,390
143,156,286,345
48,68,84,85,202,402
5,48,107,164,221,538
48,68,84,85,202,402
46,48,79,107
52,84,92,229,243
22,68,92,208,212,297,552
17,68,133,218
124
33,43,53,83,90,210
53,68,90,124,127,297
68,76,160,186,289,307,496
69,93,114,319
5,48,51,319
4,48,52,89,93,180,183,243
43,68,92,165,236
48,362
48
5,159,160,203,209
5,51,61,69,72,107,362
48,53,90,159
92,93,111,215,233,283
25,68,82,85,240
43,48,76,92,157,218,284
52,68,85,282
5,15,29,42,64,107,165,172,183,542
48,52,103,107,221,231
43,51,54,61,107,114,202,514
68,137,262,414
82,85,250,393
43,68,84,85,127
40,169,189,232,345
52,139,160,165
8,33,48,76,103,113,129,176,180,188,202,252,293
34,48,63,81,101,162,221
14,68,92,159,213
5,46,48,64,69,107,160,172,210,467
8,25,40,48,51,53,61,63,69,82,117,144,235,250,344
12,48,53,82,114,125,202,464
92,103
5,68,103,137,160,233,254,263,311
16,43,45,48,52,82,85,118,176,209,332,344
48,84,202,345,385
48,85,92,427
48,51,52,61,83,129,165,186,190,285,309
305
25,47,48,180,288,332
47,69,159,235,273,357,471
4,5,47,48,165,244,254,273
34,85,92,161,192,509
5,14,42,48,90,103,284,359
38,48,69,107,110,139,160,216,307
114,143,284
85,284
5,53,63
5,46,102,107,180
48,85,254,301
107
51,85,107,117
48,51,79,115,468,542
51,53
34,68,85,224
48,52,69,78,79,80,83,107,160,185,301,332
52,53,68
5,48,107,270
48,68,79,92,93,160,167,263
25,48,83,201,543
51,64,82,143
5,43,68,282
48,53,85,103,107,148,179,210,383,414,467
5,51,76,84
5,48,85,124
48,51,82,85,114,180,216,221,300
13,48,85,176
25,48,85,110,117,223,255
5,52,107,222,442
48,51,53,74,82,88,120,244
85,203,252,257
48,68,85,414
52,68,85,159
48,105,111,210,256
48,68,78,159
48,51,84,103,107,125,183
5,103,107,227
51,63,69,84,85
40,53,63,78,93
18,68,85,117
35,84,85,104,107,167
31,51,93,114,157,440
51,52,165,282,295,387,452,454
5,48,107,362
48,362
51,69,84,319
42,80,107,180,346,348
5,51
46,68,69,209,542
10,13,48,119,255,543
76,84,200,228
5,12,46,48,51,84,87,107,175,244,255
24,85,87
48,68,85,232,293,542
68,85,254,295
83,84,210,344
64,68,69,70,202
133,143,271,297,341
48,83,190,202,
34,48,82,92,400,421
48,63,218,233
31,40,44,68,69,84,99,209,210,235,262,273,432,454
76,114,133,160,233,319
51,68,229,396
25,49,223,432
25,46,48,144,425
4,43,52,60,69,70,89,114,126,285,319,334
13,48,52,61,62,84,144,200,262,428,464
48,52,69,70,93,102,103,107,109,160,301,400,414
48,54,61,70,124,167,252,327
48,63,95,103,124,176,203,233,260,263,311
4,83
5,68,159,180,187,246
18,25,43,48,49,53,69,76,83,153,160,176,185,221,232,322
38,68,282
14,48,70,103,123,225,237,303,402
5,48,111,282,362
48,53,69,70,76,84,89,102,117,124,239,465
53,70,75,87,92,244
48,92
1,48,70,76,82,92,114,180,189,402
63,82,85,227,256,289,393
52,61,210
4,29,61,92,103,282,486
67,68,84,103,438
70,83,117,124,217
34,40,68,85,250
48,104,210,450,497
5,25
5,6,48,52,69,72,82,83,85,96,124,149,202,538,553
69,117,160,175,190,224,341,359,401
69,70,127,185,202,207,332
25,165,192,246,274,554
13,40,48,117,201,224,422
35,42,48,82,111,129,307
5,25,34,60,103,116,144,155,175,180,201,221,256
48,82,92,159,422
62,67,76,189,332
48
5,48,107,148
8,85,192,282
40,68,87,107
40,43,110,143,180,283
35,48,61,68,255,265,291,297
48,362
5,51,76,157
85,101,227
43,48,85,117,124
15,48,85,111,332
48,52,53,61,68,84,244,319,351
34,63,85,167,224,487
5,46,51,103,107
8,68,111,209
48,52,64,69,84,85,157
2,68
53,85,190
18,35,85,144
63,85,434
51,84,85,89,284
33,48,68,107,179,265
45,46,48,70,72,114,143,263,307,387
48,68,115,345
82,92,109,192
75
48,52,68,101,109,206,285
5,85,97
48,68,82,240
48,51,52,53,68,69,84,103,221,237
31,48,53,69,70,84,124,271,275,283,307,463
37,40,68,173,198,297
5,45,107
52,57,68
48,68,109,387,392,502
48,84,103,107,117,320,555
48,52,83,206
19,48,251,345
221,380
76
85,124,538
46,85,104,192
51
5,85,192,271
68,82,85,254
16,68,82,103,133,341
68,271
50,63,201,224,232
273,282,395
54,117,210,218,332
118,277
51,107,301
46,48,107
48,68,69,83,107,
39,47,85,155,159,497
48,72,101,113,120,160,183,231,308,331,347,539
68,205,227,389
15,18,51,62,68,75,84,117,118,127,206,231,251,420
5,16,47,48,53,63,68,69,70,85,123,148,164,175,262
3,25,35,40,48,69,103,144,159,186,200,251,282,486
48,362
143,291
68,92,107,109,218
25,40,54,63,66,103,104,111,175,287
25,61,70,176,275
5,48,53,69,103,160,162,210,221,231
69,83,102,110,509
40,68,86
4,236
25,43,48,63,172,227,274,283,294,332,350
48
4,89,90,92,114,126,144,148,159,169,201,218,226,287,293,427
180
37,40,68,76,85,236,255
68,70,92,95,192
48,216
85,90,201,254
5,13,48,51,103,228,229,528
16,25,48,51,67,68,85,117,159
5,48,103,124,137,167,189,450
85,92,99,156,180,251,344,409
138,145,162,402
14,46,48,69,72,114,167,188
0
24,25,38,40,42,48,53,70,206,218,246,282,283,389
4,24,25,40,48,53,70,83,85,104,114,180,206,218,246,283,389
51,70,76,103,162,192,395
42,48,68,79,144,201,218,332
111,199,284,525
47,48,76,103,129,414
4,13,48,83,111,117,144,337
54,192,210,224
48,53,79,84,123,224
22,52,84,85,95,103,123,202,242,254
31,361,509
103,180
5,51,52
19,85
48,76,125
48,51,85,175,215
48,53,85,93,115,158
48,52,107,407
76,85,180,270,273,344,530
5,48,103
44,62,85,100,345
40,68,215,345
52,53,79,85,210,311
48,52,68,74,93,122
46,48,51,52,68,83,110,117,118,202,
2,68
12,68,186,204
42,68,76,103,124
51,102,169,188
40,51,68,76,103,175
5,52,69
180
5,68,164,247,300
51,54,62,127,239,241,307,427,469
48,52,114,180,474
46,118,192,426
52
5,341,495
24,38,48,50,52,68,95,170,210,229,251,297,319
19,48,51,68,85,239,357
48,51,53,62,70,83,93,107,108,158,180,184,210,259,285,312,400,407,427
68,83,159,228
5,54,85,89,90,271
19,40,46,85
51,69,70,83,105,149,157,221,497
5,167,210,392
29,52,53,68,380
5,9,53,167
5,68,69,85,159
29,68,110,186,201
48,57,85,192,202,221,269,275
52,70,124
68,92
5,48,361
51,72,85,89,93,107,121,126,156
48
48,85,148,227
180
48,52,76,85,89,297,425
48,51,101,360,361
38,41,44,48,52,68,107,164
43,68,83,175,179
51,68,85
18,48,53,75,160,207,221,427
19,48,51,82,107,159,422
114,180,543
10,224,516
41,63,68,82,85,86,226,383
48,143,297
5,44,51,52,117,124,133,138,209,229
41,45,47,68,76,85,117,124,143,227,244,247
18,40,48,85
18,40,43,45,48,70,114,298,348
14,48,51,52,83,84,117,153,216,303,346,538
9,51,107,117,243
5,25,42,48,52,85,92,422
257,426,526,556
5,348
8,43,48,53,62,85,133,159
52,53,294
52,83,192,202,221,243,406
8,41,52,63,68,107,118,145,201,288,341,391,402
13,19,48,69,139,361
180,223
81
5,188,271
52,62,76,343
0
48,85,203
80,114,124,180
8,10,16,19,25,41,75,80,141,164,251,528
52,83,104,127,144,159,192
48,68,85,88,92,110,114,144,162,176,189,192
4,73,139,269,284,398
70,76,114,166,319
5,51,69,102,107,293,416
223
5,51,361
172,201
5,52,53,82,103
5,63,80,117,137,153,159,164,169,205,232,290,345,403
47,85,97
51,82,95,125,221,269
52,114,188
2,10,25,35,40,41,74,82,101,111,180,224,271,331
19,48,52,68,69,89,124,209,427
68,87,251
68,75,159,209,254,542
18,85,192
5,6,48,51,103,133
19,62,68,74,85,160,277,335,345
5,22,48,69,76,103,152,242,319,331
79,107
48
5,16,27,49,103,138,209,298,420,448
5,16,48,51,52,69,85,103
48,89,152,434
5,51,52,85,107,284
80
46,51,69,85,117,180,246,260
51,69,85,89,383,526
25,82,92,137
5,48,52,107,416
61
83
39,68,69,85,213,216
5,48,107,159
48,53,68,85,107,
179,223,307
180,188,287
69,85,300,493
24,46,241,344
8,14,25,51,70,80,103,156,167
51,61,69,92,102,103,344
5,44,48,85,254,497
31,57,69,114,123,180,319
5,51,52,69,102,103,107,160,179,183
48,69,83,175,206,
25,35,70,92,107,255
40,68,164,237
82,85,109,217,285,344
5,48,68,74,198,297
47,133,275
101,165,252
13,33,40,42,48,68,237,271,274,329,347
20,44,46,48,51,54,175,542
13,14,16,43,48,51,61,63,69,103,107,160,232,331,344,351,427
4,5,48,92,117,160,192,269,282,432
5,14,48,51,76,116,186,331,401,509,523,528
5,25,48,199
48,53,70,83,96,117,143,159,160,169,192,276,293,320
33,48,51,92,123,275
48,50,76,89,95,124,162,164,202,215,383,450
14,33,48,69,89,92,102,148,201
8,38,48,67,75,90,92,144,192,401
8,13,39,52,114,159,175,210,293,
16,48,63,92,118,242,300,399
85,271,394,474
68,84,200,224
47,54,61,84,117,218
48,51,70,390
10,45,51,52,68,331,541
46,48,57,73,89,92,103,111,117,143,232,387
22,33,41,133,202,256,402,468
46,48,83,92,117,200,201,
16,48
180
114,180
85,114,251,275
5,51,69,107,202,244,361
5,48,69,107,322
5,51
52,68,83,117,199,345,348
12,48,80,81,107,426,434
16,68,85,90
48,63,85,117,119,232
18,38,68,79,85,107,111,113,209
5,8,48,51,52,74,85,125,143,450
5,48,69,107,125,155,220,383,469
196,426
52,68,79,83,152,166,186,295,382,407
13,48,51,61,102,114,137,160,167,180,190,303,346,348,438
48,180,528
46,48,68,85,104,117,237
107,110
48,68,85,434
52
8,68,192,227
48,361
51,67,68,76
19,25,68,165,224,315,492,543
51,180
9,48,63,230,244,348
2,8,10,13,68,215
48,85,103,542
18,45,48,68,85,90,209,229
33,40,79,85,113,192,228,430
48,67,114,119,215,233,
147,426
73,220
5,19,111,124,224,522
48,52,107
39,92,148,383
5,10,14,49,76,159,180,215,230,297
51,114,115
34,48,123,157,202,207,220,244
41,89,107,120,137
109,119,167
48,64,69,87,109,217,470
16,68,180,425
114,124,144,159,291,341
25,51,80,92,107,117,169
46,51,83,92,109,148,450
18,48,188,210,221,255,348
180,188,201,224,357
14,15,48,51,61,69,82,92,103,184,206,221,241,395
13,40,48,82,117,199,236
48
48,69,123,173,210,221,229,298
48,69,92,93,103,123,159,422,486
18,48,92,103,144,165,188,221,255,342,345,348,545
38,111,159,167,192,215
5,215,240,332,477
92
10,48,69,92,117
48,68,185,215,444
43,48,84,90,92,233,
48,114,188,315,402,497
114
6,34,61,307
114,143,160,262,301,
48,51,69,70,78,104,117
188
188
24,40,344
61,114,210,387
13,27,48,51,69,111,151,179,237,342,345,414
25,51,82,111,114
13,14,25,27,35,48,51,63,69,82,111,114,116,117,151,179,180,237,298,342,345,414,528
48,52,69,76,85,102,103,107,152,265,402,422,496
25,48,51,89,103,164,202,486,557
48,52,192,434
16,87,104,107,192
192,426,434
25,48,68,92,186,427
51,85
251
16,150,192,426
51,85,186
68,104
51,85
48,68,159
52,107,125,152
68,85,159,241,305,345,509
48,52,85
35,46,48,69,246,274,281,502
51,68,79,111,209
75
48,68,107,125,274
52,61,76,82,83
48,76,79,85,289,497
8,19,68,
8,68,70,103,344,482
10,48,70,85,118,123,224,290,391,414
5,85,103,167,221,528
79
18,51,68,117
79
51,68,107,202,244,269,298,497
5,19,48,52,69,76,83,90,103,186,300
48,118,273,297,331,470,497,
24,61,68,125,127,143,244,441,495,497
5,6,48,51,103,107,167,256,497
5,69,85,251,346,403,543
52,68,69,76,175,202,227,260,281,542
51
5,9,51,76,107,110,123,360,361,362
48
5,200,385
52
5,51,76,107,148
40,85,103,107,192,390,422,509
5,48,80,118
114,185,236
45,107,
39,85,103,104,117,124,162,331,554
5,69,76
68,85,103,159,167
68,100,172,251
38,48
39,51,68,82,83,137,186
24,35,39,54,63,85,107,118,402,403,450
13,24,48,52,70,92,117,123,159,160,217,250,509
47,103,123,165,245,260,558
5,51,68,83,84,90,92,103,208,271,345,509
24,48,70,83,124
4,33,46,48,61,82,85,136,158,159,165,180,221,
48,76,83,92,107,157,297
16,75,82,85,92,217,270
51,398
83,153
43,79,339
47
40,92,201,275
25,63,92,102,103,111,114,167,320
10,70,73,83,84,111,124,180,199,308
157,170,175,224,509
180
48,49,51,64,68,70,83,114,274,289,401
51,69,206,207,217,223
47,48,92,110,117,192,210,447
35,39,52,61,82,92,167,188,189,230
52,70,85,87,92,180,199,202,344
48,68,82,102,160,229,332,525
25,252,422,426
16,124,426
5,51,79,89,361
110
16,85,192,289
5,16,48
5,25,33,51,67,85,89,107,144,192,275,331
5,51,331,407
51,68,76,107,169,244,285,307,442,530
16,85,247
48,53,61,63,90
50,68,167,192
51,85
5,51,61,99,103,179,559
61,87,188
51,69,79
5,48,103,107,110,204,231,407,525
5,16,48,85,124
35,68,103
68,201
5,69,103,107,270,506
68,127,281,282
9,18,48,51,68,79,239
85,192
40,68,118,159
14,47,51,86,117,221,270
114,469
12,48,51,53,69,70,78,92,114,155,160,179,289,407,469
180
83,
45,68,79,141,203
68,103,167,341,390
244
48,108,109
30,48,279,402
