0,1,
1,
1
1,2
1,3
0,1
1,4,5
1,3,5
3
6
0,1
5
5,
5
5,7
5
1
5
1
8,9
8
8
0
1,8
1,5,7,8,10,11
1,4
3
1
12
12
5,8,13
5,8,
5
5,8
5,
5,8,14
5,15
5,7
3,5,8
5,8,
5,13,
5,8,
5,13,
12
2,5,8,
5,8,
5,
5,
5,13
5,
5,8,
3,5,8
5,10
5,10
5,
0,5,
5,8,
2,5,8,
5,12
8,
1,5,8
5,16
9,13,
1,8,
1,8,
1,8,
1,8,
1
1,8,12
1,
1,
1,17
1,2,10
1,3,14
1,15,18
1,12
1,8
1,14
1,8
1,8,19
0,1,16,17
0,1,8,
1,8,12,18,
1,
1,
0,1,8,
0,1,
1,
1,2,8,
1,2,8,
1,7
1,8,
1,7,8,
1,2,8,
1,8,
1,8,
1,8,12,20
20
8,12,13,15
8
1,7,
5,
5
5,8,14
5,
5,
5,7
5,8,
3,5,8,
5,
5,20
2,5,8,
5,13
5,14
5,8,
5,
8,
5,8,
5,8,12
5,6,12
5,
5,8,
8,
5,8,14
0,5,8,
1,
0,1,15
0,1,
1,7
1,
1,7
1,8,
1,
1,8,
1,7
1,
1,
1,8,
1,7
1,17,20
1,8,
1,
1,
1,8,9,21
1,16,17
1,8,16
1,
1,8,13,
0,1
1,8,
1,8,14
1,6,
1,8,
1,2,8,
1,8,
1,8,
0,1,8,
8,
13
5,
5,
5,7,12
5,13,
5,
2,5,8,
5,8,
5,13,14
5,22
5,8,
0,5,
5
5,
5,
5,
5,8,
5,8,12
2,5,8,
5,8
5,
5,7
2,5,
5,12
5,
8,
8,13,
8,
1,2
1,8
1,17
1,
1,8,
0,1,
1,
1,8,
1,8,
1,
1,4,8,
1,8,14
1,8,
0,1,
1,13
1,2,8,10
1,
1,8,
1,14
1,13
1,2,13
1,8,
1,7
8
1,8,
0,1,8,
1,10
1,8,
1,8,13,
1,10,13,
1,8,17
1,7,8,17,19
2,8,13
1
13
5,8,
5,8,
3,5,13
5,8
3,5,8,12
5,7,21
5,8,
0,5,
0,5,22
0,5,8
5,8,
2,5,8
0,5,13
5,6
5
5,
5,
5,8,
5,8,
5,
5,7
5,8,
5
5,7
0,5,
5,8,
5,15
5,6
8,
10
1,9
1,3,6
0,1,17,18
0,1,14
1,7
1
1,7,8,
1,20
1,23
1,8,10,17
1,7
1,
1,7
1,8,10
1,8,
1,8,24
0,1,17
1,10,14
1,13,
0
1,
1,10
1,7,13
1,7,17
1,
0,1,
1,
0,1,23,
1,23
6,14,18
1
5,13,
5,23
5
5
5
3,5,9
5
5
5
5
4,5,
5,8,
5,8,
5
5,22
5,6,8
5,8
2,5
5,8
5,8
5
2,5,8
2,5,8,
5,8
5,8,13,
0,13,14,18,23
13
1,8
13
1,
1,7,10
0,1,
1,7,8,14
1,7
1,8
1,8,23
1,8
1
1,12
1,8,
1,4,8
1
1,8,12,24
1,2,8
1,7
1,8
1,8
1,17
1,8,21,
1,8,
1,6,8
1,12
1,8,12
1
1
1,8
1,2
1,4,7
1,4,12,13,17,21
8
1,8,17
3,8,9,23
9,13,
1
8
5,13
5,13
5,8,14
5
2,5,8,14
2,5,8,21
5
5,10
5,8,12
5,8
5,13,
5,6,8
3,5,8
5,7
0,5,
5,12
5,8
5,8,15
5,8
5,21
5
5,9
5,8,
4,5,7,8,12,13
8,
1
1
1,6,8
1,18
1,13
1,8
1
1,25
0,1,2
1
1,8,23
1,8,25
1,8
13
1,6,8,16
1,21,
1,7,8,15
1,7,8,12,13
1,8
1,8,23
1,10
1
1,8
1,4
1
1
1,8,13,16,
1,23
1,7,8,
1,8,
1,2,8,23
1,8,12
1,7
8,
5,14
5,12
5
0,5
5,8
5,8
5
5,12
5,8
5,8
5
4,5,8,
5,8,
0,5,22
5,8,13,15
5,21
5,23
5,8,23
5,8
5,8,23
1,15
1
1
1
0,1,13
1
1,8
1,2,8,
1,14,15,18
1,4
1,9,14,17
1,8,
1,8
0,1,15
1
13
0,1,7
1
1
1,8,
1,8,21
1,8
1
1,8
1
1,8
1,2,23
1,8,
1,8,20
1,3,8
1
1,2,8
13
5
5,8,23
5,7
5
5,14
5,13
5,8,22
5
5,7,23
5,8,22
5
5,23
0,5
5,8,
5
5,10
5,13
5,8
5,7,8,15
5,19
5
5
5
5
4,5,8
1,16
0,1
1,2,7
1,8,14
1,20
1
1
1,23,25
1,8,14
1,10
1,25
1,8
1,8,
1,8
0,1,8,
0,1,8
1,4,8,14
1,8,14,
1
1,8,
1,15
1,9,13,16
1,10
1
1,8,13
1,13,23
1,7,8
1
1
1,13,15,23
1,8,23
1,8,13
1,8
1,8,17,18,23
7,13,23
5,23
5,7
5
5,13
5
5,8
5
0,5
5,8,19,21
5,10
0,5
5,10
5,7
5
5,8,13
2,5
5,8
3,5,8,23
5
5,8,
5
5
5,8
5
0,5,8
5,10
5,8
8
1
1,7
1,13
1,8
0,1,17
1,8,13
1,8
1,
1,8
1,8
0,1,17
1
1
1,8,
1,8,
1,8,
1,8,13
1
1,6
1,8,10
0,1,7,8,13,
1,8
1
1,8,17,23
1,8,16,17
1
1,8,10,23
1,8,
1,
1,8
1,18
1
1,8,13
1,3,8
1
0,7,13
5
5
2,5
5
5
5
5
5,7,16
0,5,22
5,16,18
5,8
5
5
5,7
5,23
5,8,15
5,23
5,8
5,8
0,5
5,8
5,22,23
5,8,15
5,8
5,8
5,8
0,5,22
5,8,15
5,7,8
5,22
4,5,8,10
0
1
1,16
1,17
1,2
1
1
1,7,24
1,8,
0,1,24
1,8
1,8,13
1,8
1
1,13
1,8,17,23
1,8
1
1,8,11,21
1
1,17
1
1
1,2,13
1
1,8,
1,7
1
1,23
1,8
1,20
1,8
1
1,8
1,13,17
1,
1,8
0,1,8,17
1,10
1,8,23
0,3
5,10
5
5,8
5,9,20
5
5,8
5
0,5,8
5
3,5
2,5,8
5,8,15
0,5
5,8
5,8
5,8,22
5,8
2,5,23
5
5
5,8,9,22,23
5,8,
13
8
5,8,20,23
5,8
8
6,13,23,
8
1
1,23
0,1,10
1,5,19
1,10
1,9
1,6,8,
1,8,18,23
0,1,8,
1
1,10
1,8,18
1
1,13,
1
1
1,2,8,
1,8
1
1
1,8
1,8,15
1,2,23
1
1,23
1
1,2,8,13
1,2,19
1,23
0,1,8,13
1
5,13
5,8,23
5
5,23
5
5
5
5,8
5
5
5,23
5,8
5,15
5,7
5,8
5,18
5,16,18
5,8,13,23
5,8
5,8
5,10
5
5
5,13
5
5,8
5,8
5,8,23
3,5,8
2,5,8
5,8,23
9,13
1
1,24
1
1,8,23
1,10
1
1,8
1,8,
1,8,24
1,2
1
1,8
1,3,7,8,17,21
1,9
0,1,8
0,1,3,8,11
1,8
1
1,8,
1,8,13
1,8,
1,8,24
0,1,20,
1,2
1,8,10
1,2,8
1,2
1,8
1,8,13
1,8
1,4,7,8,10
8,23
7,8,23
5
5
2,5
5,8
5,13
5
5
0,5
0,5,22
5,24
5
5,9,14
5,8
5,8
0,5,7
5,8,
5,8,10
5,10
5,8,13,21
5
5,8
5
5
5
5,23
5
1,10
1
1
1
1,8,23
1
1,8,15
0,1
1,8
1,8,25
1,8
1,17
1
1,7,8
1,8,
1
0,1,8
1,8
1,23
1
1,17
1
1,8,21
1,8,10
1,21
1,8,21,
1,8,
1,2,7,8,13,17,20
1,8,13
1,13
1,8,10
1,8
1,4,8,13,20
5
5
5,8
5,8
5,14
5,10,22
5,8
5
5,7,8,23
0,5
5
5,10,20
5
5
5,8
5,14
5
5
5,8,19
5,7
0,5,8
5,13
5,8,
0,5
13
5,8,13,23
1
1
1
1,2,8
1,8,
1
1,9,15
1,8,13,17
1
1,8
1,8
1,8,
1
1,7
1,2,7,8,
1,25
1,8
1
1,8,11,13
1,13
1,11
1,13
1
1,23
1,8,
1,8,19
1
1,8,
0,1,
1,8,13
19
1,7,10
5
5
5,11
5,11
5,8,22
5,
5
0,5,22
4,5,10,11
5,8
5,9
5
5,8
5,8
5,8,
0,5,8
5,
5
5,8,14
5,7,8
5,8,
2,5,8,10
8
1,8,10
1
1
1
1
1,3,15,21
1,8,10
1,8
1,19
1,8
1,8
1,8,
0,1
0,1,15
1
1,8
1
1,8,10,23
1
1,8
1
1
1
1
1
1
1,8,
0,1,20
1,19,20
1,23
1,13,14
1
0,1,8
0,19
5
3,5,8
5
5
2,5,15
5,8
5,8,10
5,8,13
5
0,5,8,21
2,5
5,
5
0,5
5
0,5,7
5,7
0,5,10
5,8,21
0,5
5,8,
5,8
5,8,22
23
23
1
1
1
1
0,1,13
1,8,11
1,8
1,14
1,14,15
1,8,10
1
1
1,8,
1,8,23
1,8,25
1,8
1,7,8,13,25,
1,8,13
1
1,17
1
1
1
1
1,8
1,8
1
1,8
0,1,6,8
1
1,10,23
1,8,
8
5
5
5
5
5
5
5
5
5,23
5,8,14
5,8
0,5,8,14
0,5,8,10,14
5,8
5,6,8,19
5
5,8
5
5,8
3,5
5
0,5
5,7,13
5,8
5
5,23
5
5,8
5,23
1,8,18
1,8
0,1
1,7
1,3
0,1
1,23
0,1
1,7,8
1,8
0,1,4,17
0,1,8,13
1
1,7,8
0,1,21
1
1
1,3,8
0,1,
1,7,8,10
1
1
1,8,18,23
1,2,8,10,14
13
1,8,
0,1,
8
1
1,7,8,10
1,8
8
5,8
5
5
5,13
5,7
5,7
5,8,11
5,8,25
0,5,14
5
5,15
5
5,22
5,
5
0,5,8,14
5
5
5,7
5
5,8,13
5,22,23
5,8
5,13
5,15
5
3,5,15
5,8,16
5
5,8,13,22,23
5,7,8,10
1,8,
0,1,7,8,
1
1
1,2
1,17
1,8
1,8
1,17
1,8
1
1,7,8,21
1
1
0,1,8,17
1,8
1
1,7
1,7,8,
1,23
1,7
1,23
1,18
1
1
1,8,23
1,8
1
1
1,8
1,8,
1
0,1,8
1,7
1,8,21
1
1
5,15
5,15
5
5
5
5
5
5
5
0,5
5
5
5
5,8
5,23
3,5,8,14
5,7,13
5,7
5
5
5,8,23
5
5,8
0,5,8
5,8
5,8
5,8,10
1
1,6
1,10
1,8
1
1
1,8,13
0,1,8,23
1,8,
1,23
1,23
1,23
1,8,
1,10
0,1,7,8,10,24,
0,1
1
1,17,21
1,8,14
1,8
0,1
1,8
1,8
1,8,15
1,8,10
1
13
5,8
0,5,7,13
5
5,15,18
5
5
5,23
5,8
5
5,8
5
5
5
5
5,23
5
5,13
5,8,15,23
5
5
5,
5
5,8
5,8,
5,8,
5,21
0,5,8
1,17,19,23
1
1,7,26
1,8,10,26
1,8
1,14
1
1,8,23,26
1
1,15,17
1,8,
1
1,8
1,13,17,23
1,7,8,17
1,8
1
1
1
1,23
1,13
1,8,23
1,8,20,26
1
1,8
1,8,
1
1,8
1
1,23
1,8
0,1,17
1
1,8
1,3,8
0,8,16,23
5
5
5,8
5
5,16
5
5,15,23
5,13,23
5
5
5
5
5
5,8
5
5,13,14
5
4,5
5,23
5
5,8
5,9
5,14,21
5,23
5,8,
5,8,13
5,23
5,22
5,8,13,
5
5
0,1
1,8,13
1,8
1
1
0,1,17
1,7
0,1
1,8,
1,15
1,8
1,8,21
1,4
0,1
0,1
1,8
1,8,
1
1,7
1,26
1,3,8
0,1,10,21
1,3,8,10,17
1,8,13,18
1,4,8,13
1,7
1
1,8
1,8,17
0,1
1,23
1,17
1,8,21
1,26
8
5
5,8
5,6,8,16
0,5
3,5
5,22
3,5,8
5
5,13,14
5
5,15
0,5
5,8
0,5
5
3,5,8
5
5,23
5,22
5
5
5
5
5
5
5,10
5,8,23
3,5,8,22
5
1
1
1
1,13
1,8
0,1,24
1,10
1,4,20
1
1
1,8,
1
1,8
1,15,16
1,8
1
1
1,21
1,
1,10
1,8,
1,8,13
1
1,17
1,8,10
1,16,
1,7,8,15
1,
1,8,
1,8
1
1,8
1,23
1,8
1,23
1,8
1,3,13
1,23
1,10
1,8
1,8,21
1,13
1,8
1
1
0,1
0,1
8,14,19
5,23
0,5
5
0,5
5,13
0,5,22
5
0,5,8
5,21
0,5
5
5
5,8
5
5
5,8
5
5
5,7,15
5
5
5
5,
5,23
5,
5,8
13
1,15,17
1,17
1
1,4,7
1,15,17
1
1
1
1,8,10
1,10
1,8,
1
1
1,10,13
1,20
0,1
1
0,1,8
1,23
1,13,17,23
1,8,17,23
1
1,8,10
1,8,10,21
1,3
1
1,13
1
1
1
1
1,23
1,8
1,8,10
13
1,23
8
5
5
5,23
5,9
5,23
5,23
5,7,13
0,5,15
5,8,
5
5,23
5,8,13
5,22
4,5,8,10,19
5,8
5,8
0,5,22,23
5
5
5,23
5
5
5,10
5,8
5,23
3,5,8
5
5,8,13
5
0,5,8
0,5,8,18
5
5,7,22
5,6
5,22
5,8,22
1
1
1
1
1,8
1
0,1,14
1,
1,17
1
1
1,17,23
1,23
0,1
1,17,23
0,1,2,8,
1,23
0,1
1
0,1,27
1,8,23
1
1,3,13
0,1,8,11,13
0,1,8
1,23
1,8,
1,8
1
1
0,1,8,21
1,2,13
1,13,
1,8
1,8,10,17
1
8,13,21,27
5
3,5
5,15
5,13
5,13
5
5,8
5
5
5,13,
18
5
5
0,5
0,5,13,18
3,5,13
5
5,7
5
5,13
5,8,10
5,23
0,5
5,8
5
5,8
5,8,
5
5,8
5,14
5,8
5,25
5,8
5,14
5,19
5
5,8,10
5,15
6,8,13
1
1,7
1
1
1,4
1
1,23
1,17,27
1,18
1
1,8
1,8
1
1
1
1,23
0,1
1
1,8
1,4,8
0,1,8,17
1
1
1
1
1
1,8,10
1,7,
1,8,10
1,17
0,1,7,8
1,20,
1,8,13
0,1,8,
3,8
5,7
5,8
0,5
5,22
5
5,8
5
5
5
5,8,13
5
5
5
5
5,8
5,14
5,20
5
0,5
5,8,23
0,5,22
0,5
5,23
5,22
2,5,8,
5
5,8
5,8,23
1
1,10,17
1,10,27
1,3,13
1,2,20,23
0,1,10
1,3
1,15
1,23
0,1
1,23
1,7,21
1,8,17,20
1,8
1,8,
1,8
1
1
1,10,23,
1,8,10
1
0,1,2
1,10
1,8
1,13
1,8
1,2,3
1
1,13
1,8,27
0,1,8
1,8,13
1,17,20,23
13
13
5,7
0,5,15
5,7,13
5,23
5,7
5,22
5,8,13
3,5,8,22
5
5
5
5,8
0,5,23
5
5
5
5,13
5,13
5,13
5
5,8
5,8
5
5
5,8
5,22
5
0,5
3,5,
5,7,8,
5,8,23
13
1,7
1,23
1,8
0,1,10,17
1,7,8
1
0,1,15
1
1
1,8
0,1
0,1
1
1
0,1
1,8,13
1,8,10
1,17,23
1,2,3,13
1,6,8
1,8
0,1
1,10
1
0,1,8,13
1,16
0,1,8,
1,8,10
1,8,
1,13
0,1,8
0,1,8,23
1,8
1,2
1,4,10
8,20
5
5,7
5,27
5
5,13
5,13
5,8
5
5,8,13
5,8,10
5
5
5,7
5
5,6,8,13
5,27
5
0,5,7,10
5
5,10,18,27
0,5
5,13,20
5,15,16
5
3,5
5
5,8,10
5,
2,3,5
5,15
5
5
1,23
1,13,18
1,2,13
1,8,
1
1
1,8,18
1,16,18,20
1,8
1
0,1,17,23
1
1,26
1,6,18
1
1,
0,1,8
0,1
1,7,8,13,15
1
1,23
1,6
1,7
1,2,3,8,13
1,6,8
1,6
1
1,4,8,
1,8,10,16
1,16,18,23
0,1,8
1,8,
1
1,
1,8,13
1,8
1
8
5
5,8
5,16,18
5
5,23
5
5,8,13,23
5,23
5
0,5,8
5
5,23
5,13,19,22
5,8,13
5
5,15
5,8,13
0,5,8,
5,7
5,8,13
5,13
5,27
0,5,27
5
5
5,8,
5,7
8,23
5
5
1
1
1,10,13,26
1,8
1,8
1,10
1
1,13,23
1,7
0,1
1,8,13
1
1
1,8,
0,1,13
1
1,4,7,8
1,8
1,8,
1,8,15
1,8
1,8
1,8,13,21
1,10
1,8,
1,8,
1,8,
1,20
1,8,10
1,8,13
1,7,13
1
8
5,15,18
5,23
5,13
5,13
5,8,13
5,15,23
5,23
5
5,13,23
5,23
5,6,
5,8
5,7
5,8,13,18,26
5,13
5
5,23
5
5
3,5
5
5
5
0,5,13,15
5,13
0,5
5
5,7,10,16
5,23
5,7
5,8
8
8,
1,10
1,23
1,8
1,2
1,8,10,17
1,8,10,23
1,8,10
1,27
1,3,8
0,1,8
0,1,2
1,8,
1,8
1,8,10
1,8,10
1,8,23
1,8
1,8
1,8,
1,8,13,23
1,8,
0,1,8
1
1,8
1,26
0,1,8,
1
1
1,8,13
0,1,8,
0,1,8
1,8,23
1
1,7,8,13
0,1,8,25
1,8,9,23
5
5
5,13,23
5,7
5,7
5,7,8,23
3,5
5
5
0,5
5
5
0,5
5
5
5,8
5,6,7,22
5,27
5,8,13
5,13
5
5,8,
5,27
5,7
5
5,13
5,20
5
5,13,
4,5,8,
1,2,8
1
1
1,
0,1
1,
1
1,4
1,8
1,15
1,8,13,20,27
1,2,13
1,4
1,21,23
0,1,2,13
1
1,
1,8
1,8
0,1,2,8,15
1
1,18,23
1,10
1,8,13,17
1
1,8,13
1
0,1,8
1,10
1,8
1,8,23
1
1
1,8,
1,8
1,8,13,
1,8,
5,8,22
5
3,5,22
5
5,22
5,8,27
5
5
5,27
0,5,7
5,7
0,5,8
5,8,
5
5,22
5,18,23
5
5,8
5,8
5,13,19
5,22
5,8
5
5
0,5,7,8,13,
5,23
5
5,27
5,8,
5,7
0,5
5
5,10
5,7
5
1,3,8,15,
1
1,23
1,8
0,1
1,8,15,19
1
1,7,10
0,1
0,1,7
1,8
1,8
1
1
1
1,23
1,27
1,4,
0,1,8
1,8
1
1,8,13
1,15
1,23
1
1,8
1,2,19
1
1,15
1,4,8,13
1,7
1
1
1,8,15,17
7,8,13,20,23
1,27
1
1,8
1
1,2
8,13,21,23,
1,8,13,
0,1,10
1,7
27
0,5
5
5
5
5
5
5
5,8
5
5,8
5,8
2,5,7,8,
5,14
2,5,8
5,8,13
5,8,
0,5
5,8
2,5,13,
2,5,8
5
5,8,
5,8,13
5,7
0,5,8
5
0,5,13
5
5,8
5
1,8
1,8
1
1,8
1,8,23
1,8
1
1,6
1,7,10,23
1,23
1
1,23
1,8,13
1,8,13
1,8
1,8,
1,2,20
0,1
1,8,
1,8,10,13,17,23
1,23
1,8
1,8
1
1,8,
1
1,10,19
1,8,23
1
1
1,10
1,14
1,7,8
1,2,7,23
1
1,7,10,
1,14
1,8,
1,13
8,20,21,23
5
5
5,13,16,20
5
5
5,13
5
5
5
5,23
5,8,13,15
5,
5,8,
5,13
5
0,5
5,22
5
5,16,23
5,27
5,13
0,5,8
5,8,23
5
5,8,15
5,8
5,8
5,10
0,5,13,23
5,10
5,10
8,13,16
1
1
1
1
1
1,27
0,1,13,17
1
1,7
1,2,23
0,1,8
0,1
1,23
1,8,14
0,1,8,10
1,8
1
1,2,18,27,
1,8
1
1,8
1,10,13
1
1,7
1
0,1,13,17
1,8,
1,13
1
1,8
1,8,27
1
1
0,1
1,7,23
1,13
1,8
1,8,16
1,8,13,15,23
1,7,10
1
1
1,13
1,8,13,
1
8,27
5,18,
0,5
5
5
5
5
5
5,15,23
5
0,5,8
5
5
5
2,5,8
5,13
5,27
5
5,23
5
5
5
5,8
5
5,8
5,8
5,8
5,8,
5,13,23
5
5,8
5
5,8,18
5
5
1,8,
1,14,23
1,3,8
0,1
1
0,1,3,8
1
1,7
1
1,13
1,13,18
1,14
1
1,8,13,23
1,20,
1,10,17,18,23
1,8,
1,13
1
1,2
1,8,
1,23
0,1,10,20
1,4,8,
1,10,27
1
1,8,13,20,
1,7,8
0,1
1
1,23
1
1,8,27
1
1
1,13,14
1,15
0,1,13
1,8,15
1,8,17,23
1
1,3
8
8,13
5
5,13
5,8
5
5,8
0,5
5
5,8,
5
5
5,23
5
0,2,5,8
5,15
5
5,10,15
5
5,8,
5,8,
5
5,8
5,8
5
0,5,21,
5,8
5
5,8
5,8,13,
2,5,10
5,8,13
5,23
5
0,5,15
5,23
13,
1
1
0,1
1,19
1
0,1,10
1
1,8,
1,8,23
1
1,8
1,8,27
1,8,27
1,2,13
1,8
1,8,16
1
1,23
1
1,8
1
1,7
1
1,8
1
1,8,23
1,16,20
1
1,8,
1
1,13,14,18,
1
1,26
0,1,17
1,8
1,8,13
1,8
1
1
1
0,4,8,10,13,14,15,19,23
1,8,16,20,21
1,8
1,4,23
0,1,8,13,14,23,25,
1,8,23
5
5
5
5,23
5,10
5,13
5
2,5,8,27
0,5
5
0,5
4,5,8
5,8
5
5,8,18,27
5,8,
5,8,10
5,8
5,23,
5,14
5,8
5
0,5
5
5,13
5
5,13,23
5
5,23
5
4,5,8
0,5,8,23
5,18
5,7,23
1
1,8
1,23
1,3,13,17,23
1
0,1,17
1,8,10,13,27
0,1
1,8,13,17
1,8
0,1
0,1,17
1,13
1,8,13
1,16
1,8
1
1,8,13
1
1
1
1
1
0,1,8,
1
1
0,1,8,17
1
1
1
1,8
1,8,
0,1
1,17
1
1
1
1,8
1
1,8,23
1
1,8
1,8,17
1,10
1,8
1,8,13,23
0,3,6,8,10,13,16,23
10,23
5,23
5,26
5
0,5
5
5
5
5
5,13,18
0,5
5,13
3,5,15,22
5,26
5,8
0,5
5,13
5
0,5,
5,8
5
5
0,5,23
5,6,8
5,22
5,23
5
5
5
5,8
5,27
5,8,13,18,20,23,27
5,23
5,8,10
5
5
5
5
5,10
5
5
0,5,8
5,27
0,5,13
1
1,23
1,23
1
1,8
1,6,16,26
1,8
1
1,8
0,1
1
1,17
1,7
1,8,27
0,1,8
1,8
1
1
1
1
1,8
1,27
1,17
1,8
1,23
4,8,13,16,
1
1
1,17
1,8
1,8
1,8
1,2,8,13
1,8
1
1
1
0,1,8,17
1,8
0,1
1,13
1
1,3,14
1,8
1,7,23,26
1,13,27
0,1,8,17
1
1
5
5
5,8
5,13
5
5
5,22
5
5
5,13,22
5,7
5,13
3,5,7,14
5
5,8,25
3,5
5,22
5,
0,5
5
5
5,15
5
5
0,5
0,5,22
5
5,8
5,8
5,8,13,25
5,13
5,8,13
5
5,6,8
5
5
5,8,13
0,5,8,
5,22
5
5
5,8
5
0,3,8,13,18,27
1,15
1,13
0,1,8,
0,1
1,16
1
1,18
0,1
0,1,13
1,8,20
1,7
1
1,8,23
1,8,
1
1
0,1
1
1
0,1
1
0,1,
1,7,8
0,1
1,6,8
1
0,1,8
1,8
1
1,8,
1,8
0,1,8
1,8,13,25
1
1,8,13
0,1,14
1,8,21
1
1,3,8,13,18
1,8,10
1
0,1,2
1
8
6,8
5,8,27
5,8
5
5,8
0,5
5,8
5
5,8
4,5,8
5,15
5,23
5
5
5,8
5
0,2,5,8,
5,8,23
5
5
5
5
5,8
5,13
0,5
5,8
5,8
5,8
5,8
2,5,8
5,8,
5,8,13
5,23
5
5,8
5
5,13
5
5
0,1,7,17
1
1,8
1,23
1,8
1,8,15
1
1
1
1,6
1
1,8,27
1
1
1
1,8
1,8
1,8
0,1,8,13
1,8
1
1,8,13,27
1
1,6
1,13,21
1
1,
1,10
1,8
0,1,2
1,6,13
1,4,8,13
1
1
1,8
1,8,10
1,8
1,8,21
1,7,8
1,8
1,3,15
2,6,7,8,13,16
5
5
5
5,27
5
5
5
5,8,15,23
5,10
5,7,8,23
3,5,8,26
5,10,13,27
0,5,13,14
5
5,7
3,5,8
5,27
3,5,13,16,
5,8
5,6
5,23
5,23
5,8
5
5
0,5,10
0,2,5,7,27
5,8,
5,
0,5
5,13,23
5
1
1
1,3,15
1,17
1,4
1
0,1
0,1
1
1,8
1,17,18
1
1
1,8
1,2
1
1
1,13,18
0,1
1
1,4,20
1
1,7
1
1,8,10
1,7,13,20
0,1
1
1
1
1,13
1
1,27
1,16,23
1
1
1,8,10
1,27
1,8
1
1,13
1,10,23
1
1,8,
1,6
1
1
0,8,10,13,23,
5,23
5
5,7
5
5
5
5
5,8
5
5
5
5
5
2,5
5,8,13
0,5,7
5,15
0,5,15
5
5
5
2,5
5,23
5
5
5,18,20
5
5
5
5
5
5,23
5,8
0,5
5,8,
5,22
5,23
5,8,
2
2,23
1,7
1
1,8
1
1,8
1
1,17
1,8,15,17
1,15,18
1
1,2,8,17,27
1
1,16,23
1
1,8,
1
1
1
1
1
1
1,7,17
1
1,8,23
1,8,13,17
1,6,13,25,
0,1,7,8
1,8
1,8
1
1
1,13
1
1
1,7
0,1,16,17
1,8
1
1
1,23
1
1,8,13
1
1
1,8
5
5,6,8
0,5,8
5,13
5
5,27
5,8
5
5
5,7
5
5,8
5
5
0,4,5
5,7,10
5,7
5,
5
5
5
5,13,14
5,7,8,13
5,23
5,8
5,15
5,15
2,5,7
5,8,
5,13
5
5
5
5
2,5,8
5,22
0,6,7,16,20,23
8
0,1,2,8
1
5,17
1
0,1,15
1
1
1
1
1,2,7,8
1,10
1
1
1
1,10
1,16,18
1
1
1
1,8,13
1,8
1
1
1
0,1,13,17
1,17
1
1
1
1
1
1
1,23
1,13
1
1,6,17,23
1
1
0,3,4,8,13,14,18,23,
1,8,
1,8,23
1
1
1
1,4
1,8,23
13
5
5
5,27
5,22
5
5
5
5,8
5,10
5
5,13,23
5,
5
5
5
5,8
2,5
3,5,27
5
5
5
5,27
0,5
5
5
0,7,10,23
5
5
5,8
5
5
5
5
5
5
5,
5
5
0,1,8
1
1,8,15
1,8
1,4,8
1
1,13,14
1,23
1,8,23,
1
1,7,10
1
1
1
1
1,3,8,15
1
1,3
1,17
1,25
1,23
1
1,7,8,
1,8,
1,23
1,8
0,1,8
1
1,23
1,8
1,7
1,4,8
1,10
1,8,21
0,1,8
1
1,8,13,17
1
1
0,1,10,17
0,7,8,13,27,
3,5,8
5,23
5
3,5,8
5,8
5
5,8,15,18,22
5
5
5
5,22
5
0,5,8
5,26
5
5,7,21,23
5,8,
3,5
5,22
0,5,
3,5,8
5,22
5,8,23
5
5,21,23
5,7
5,23
5
5
5,23
5
5
5
3,5,22
0,5
5
5
5
0,5
5
0,7,8,13,14,21,23,
5
1
1,8
1,17,23
1
1,8
1
1
1
1,8,23
1,17
1,16
1,13,17
1
1
1
1
1
1,10,17,23
1,7
1
1
1,
1,8,23
1,3,8,17
1
1
1
0,2,7,10,16,23
1,7
1,27
1
1
1
1
1,21
1
1
1
1,13,16
1,23
1
1
1
1
1
1,8,23
1,4,23
0,1,8
1,8,
0,3,8,10,13,16,20,27,
8
5
5,22
5,22
5
5
5
5
5
5
5
5,22
0,5,7
5
5
5
5,23
0,5
4,5,10
0,5
5
5
5
5,8
5
5,8,13
5
0,5,8,
0,5,13,22
5
5
5
5,27
0,5
5
5
5
5,14
5
0,5,8
0,8
0
1
1
1
1
1,10
1
1
1
1,10
1
1
1
1
1
1,17
1
1,15,18
1
1,8
1,8
1
1
1
1
1
1,8,
1
1
1
1,27
1
1
1,10,27
1,8,17,27,
1
1,7
1
1
1
0,1
1,8
1,8,23
1,7,8,14
0,1
1,7,8,17
1,8,13
1
1
1,16
1,23
0,3,6,7,8,13,
0
5,8
5
5,10
5,13
5
5
5,13
5
5
5,8
5,6,8,21
5,13
5,8
5
5
5,8,21
5,8
5,8,13,14
5
5,8,10
5,8
5
5
5
5
5,8,13,25
5,8,21,
5
5
5,8
5
5
1
1
1,8
1
1,23
1,8
1
1
1
1
1,8
0,1,14
1,8
1,7,17
1
1,8
1,17
1,8,
1,17
1,17
0,1,21
1
1,17
1,8
1
1,
1
0,1,23
8,10,13,18,23,
0,1,14
1
1
1,
1
1,23
1
1
1
21
1
14
8
1
5
5
5
5,8
5
5,8,
0,5,22
5
5
5,
5,10
4,5,8
5
5,27
5
5
8,
5
5,8,
5
5
5
5
5
5
0,5
5
5
5,13,25
5,7
5
1,8
1
1,7
1
1,7
1,3,6
0,1,2
1,10
1
1
1,3,27
1,17
1,2,3
1
1,8
0,1,10
0,1,8,23
1,7
1
1,8
1,8
1,27,
1,10
1,3,10,17
0,1,8
1,8,23
1,17
1
1,8,23
1
1,23
1,8
1,8,15,23,27
0,1,23,
1,8
1,8,13,23
1,8,21
0,1,8,17,27
1,8,
1,8,17,23
0,1,8
1
1
7,8,14,23
1,14,27
1
5
5
5,7
0,5,27
5,8
5
5,8,15
5,23
5
5,10
5
5,22
5
0,5
5
5,8,
5
0,5
5,18
5
5,7,8
5
3,5,14,22
5
5
5,8
1,8
1
0,1
1,20
1
1,8,15
1,4
1,3,10,17
1,8,14
1,23
1,8
1
1,25
0,1,7
1
1
8
1,2,10
1,8,
1,3
1
1,10,21,23
1
1
1,8
1,23,27
1,6,8
1,25
1,2,7,8,
1
1
1,17,23
0,1
1,7,23
1,27
1,13,27
1
1,8,13
1,3,14
1,2,8,10
1,8,
2,7,8,10,13
1,23
1,13
10
5
4,5
5
0,4,5
5,13
5
5,8
5
5,8,21
0,5,10
5
5,13
5,8
5
5,8,
5
5
5
5
5
5
5
5,
5,23
5,8
5
5
5,8,
5,7
5,8
2,5
5
5
0,2,6,7,8,23,27
1
1
1
1
1
1,8
1,13,15
1
1
1,28
1,8,17
1,8,
1
1,8,
1,8,
1,2,3
1
1,8,28
1
1
1,3,8
6,10
1,8
1,8
1,8,
1,3,8
1,4,8,
0,1,8
0,1,8,23
1,23
1,8,14,23
1
1,27
1
1,13
1
1,8,
1,8
1
1,3,7,8,10,13
1,23
1,8
0,1,8
0,1
1
1
18
5
5,8,13
5
5
5,18,
5,8
5,21
5,8
5,
5,8
5,8,27
5,8,
5,15,28
5,8,15
0,5
5
5,8
5
3,5,28
0,5,23
5,
5
23
2,5
5
5,8
5,8
5
5,16,23
5
1
1
0,1
1
1
1
1,13
1,6
1
1,8
1,8
1,8,13
1,14,23
0,1,23
1,7
1,8
1,7,8,13
1,13,23
1
1
1
1
1,17
1
0,1
1,8
1,23
1,8,
1,14,17
7
1,15,27
1
1
1
0,1
1,4,6,8
1
1,8
1,8
1
1,3,8
1,14,23
1
1,8
1,8,18
1,7,14
0,2,8,10,13,23,27,28
8
29,
5,29
0,5,29
5,8,29
5,28,29
5,29
5,29
5,8,29
3,5,6,22,29
5,22,29
5,8,14,23,29
5,29
5,22,29
5,29
5,7,29
4,5,8,29
5,29
5,6,13,18,29
0,5,23,29
5,8,10,29
0,5,7,22,29
5,29
5,22,28,29
5,29
5,18,22,28,29
5,29
0,5,29
2,5,13,29
5,29
5,29
5,22,29
5,29
0,2,13,28
5,22
5
5,8,29
5,29
5,29
5,13,29
0,5,29
1,3,17,23
1
1
0,1,13
1
1,17,23,
1
1,28
1,8
1,7,8,13
1,7,8
1
1
1,27
1,23
1
1,4,23
1
1
1,17
1,8
1,3
1
1,3,25
0,1
1
1,3,8,15
1
1,6,8,13
1,23
1
1
1,21
1
1,8,
0,1
1
1
0,1
1
1,10
1
1
1
0,6,7,8,10,13,15,18,23,27,28
5
5
5
5,13
5
5,8,23
5,13
5
5
5
5
5
5,8
5,27
5
5
5,
5
5,23
5
5,15
5,23
5,
5
2,5,7,22
5,6,22
5
5
5
5,8,15
30
5
5,15
5
5
5
5,8
5
5,22
5,8
5
5
7
5
5,22
5
5
5,22
5
5
5
2,5
5,8
0,2,3,7,8,10,13,23,27,
5,7,8
0,2,3,8
8
1
1,23
1,6,18
1,15
1
1,28
1
1
1
1,7
1
1
1,8
1,17
1
1
0,1,2,17
0,1
0,1
1
1,8,23
1
1
1
1
1,2,23
1,8
1,10
1
1
1
1,8,
1
1
1,8,13
1
1
1,8,23
1,8,
1,8,
1,7,8
0,6,7,8,15,18,23,
1
8,13
8
5
5
5
5,7
5,7
5
5
5,8,13
5,8,10
5
5,8,23,
5,8
5
5
5,
5
5
5
5,8
5
5
5
5,8
5
5
5
5
5
2,5,8
5
2,5,8
5,10
5
0,4,5,8
5
5
7,8,13,23,28,
1,17,23
1,8,23
1
1
1,6
1,8,28
1
1,7
1,15,18
0,1
1,8,10
1,8,18,27
1
1,2,8,13
1
1,8
1
1
1,23
1
0,1
1
1
8,23
1,8,
0,1,8
1
1,23
0,1,8,
1,8,23
1,2,28
1,8,21,
1,8,
1
1,8,
1,7,8
1,8
5
5
5
5
5
0,5
5,8
5,8,10,27
5
5,23
5,10
5
5
0,5
2,5,8
5,23
5
5
5
4,5
5
5,8
5,13
3,5,8,28
5,27
5,8
5,8
5,8,13,23,27
5,8
0,8,18,23,28
5,8,10
5,23
5
5
2,5
5
0,8
5
1,8
0,1
1
0,1
1
1,15
1,8,
0,1,8
1
1,8,
1,8
1
0,1,7
1,
1
1
1
1,17,23
1,8,23
1
1
1
1,2,3,17
0,1,8
1
1
1,7,10,17
0,1,14
1,4,8,
1,4,8,
1,8
1,2,27,
1
1,8
1,8
1
1,8,
1,8,13,28,
1
1
3,8,10,23,27
1
5,27
5
5,14
5
5
5
5
5,8,23
5,23
5,7,27
5
5
5
5,22
4,5,8
5,8
5
5,10
5
5
5
5
5
5,6,8
3,5,8,27
5
0,8,
5
4,5
0,5,10
0,5
5,8,13
5
5,8,
8
1,
1
1,8
1
1,14
1
1,21,
1
1,17
1,8
1
1
1
1
1,
1,17
1
1,8
1
1,8
0,1,8
1
1,8,
1,8,14
0,1
1,8,
1
1
1
0,1
0,2,3,8,13,15,18,27
1,8,20
1,8,
1
1,13
1,27
1,8,13,17
1,2,13
1
5,6
5
5
5
5
5
5
5
5
0,5
5,7
5
5
5
5,10
5
5,7,8
5
5
0,5
5
5,10
5,8,27,28
5
5
5
5
5
5
0,5,14
5,8,25
5
5,8,
6,8,25
5,25
0,5
5,6,
5
1
0,1
1
1
1
1
1,8
1
1,21
1,8
1,
1,7
1
1
1
1,8
1,7,8
1
1,27
1,27,
1
1
1
1,
1
1,8,13
1
1
1
1
1,2,8,
1,
1,23
1
1
1,14,23
1
1
1,2
0,8,10,23,27
1
1,27
1
5,10
5
5,27
3,5,27
5
5
5,27
5,7,8,23
5
0,5
5,27
5,15
5
5,23
5,8,27
5,7,8
5,8
5
5,8,18,
5
5,18
5,28
5,27
5
5,10
5,23
5
5,
5,10,14
5,8,21
5
5
5,8
0,5,20
5,8
5
3,8,20,23,27,
1
1,7
1,18
1,6
1,14,20,28
1,25
1
1,10
0,1,8,13,23
1,8,28
1
1,8
1
1,14,
1
1,17
1
1
1,23
1,8
1,10,21
1
1,8
1,6
1
1
1
1,8,
1,8,
1
1
1,3,8,10
1
1
1,17
1,17,23
1,17
1
1,17
1,7
1,8,23
0,7,8,
1,3,8
1,8,
1,8,17,20,21,28
1
0,8,10,14,18
5
5,27
5,7,15
5
5
3,5,8
5,10
5
5
5
5,10
5,22
5
4,5,
5,10,21
5,7
5
5,10
5,23
5,22
5,8
5
5,8
5
0,5
5,22
5
5
5,13
5
5,22,23,27
5
5,8
0,5
0,6,8,10,18
3,5
5
1,15
1
1
1
1,8
1
1,13,14
1,27
1
1
1
1
1
1
1
1
1,23
1,7
1,21
1,18,
1
1,8,
1
1,17
1,17,27,
1
1
1
1,8
1
1,8,
1,23
1
0,1,7,8
1
1
1
1,27
1,7,8
0,1,8,10,27
1
1
1,8,25
1
0,3,4,8,10,18,20,23,27
5,22
5
5
0,5
5,23
5
5
5
5
5
5
5,8
5,13,22
5,23
5
5,13
5
5,
5
5
5
5
5
5,18
0,5,8
5,8
5
5,27
5
5
5
5
5,8
5
5,8
5,8,27,
5
5
5
5
0,5,22,25
5
5
0,6,7,8,18,27
1,27
1
1,23
1
1
1
1
1,15
1,8
1
1,14
1,7,10
1
0,1,17
1
1
1
0,1,7,8,10
1,17
1
1
1
1,8
1,8,
1,6
1,8,18,27
1
1,8
1,8,23
1,8
1
1,7,8,10
1,10
1
6,8,13,
1
1
1
5
5
5
5,
5
5
5,8
5
0,5,8
0,5,
5,27
5,21
5,21,
5
5,8,13
5,27
5,8
5
5,23
5,26
3,5,8,20
5
5
5
5
5
5
5,27
5,14
5
5,8,23
5
5,28
5,23
0,6,8,14,23,25,28
3,5,27
5,15
1,27
1,8,27
1
0,1,8
1,23
1
1,8,18,20
1,3,17
1,10
1
1
1,13
1,3,8,31
1,8,28
1
1,8,23
1,8,
1,8,
1
1,8,
1
0,1
1,8,13
1,8
1
1
1,7
1,7
1
1,27,28
1,8,
0,8,13,23,27
1,3,17
1
1,23
1
5,8,28
5
4,5,8
5
5
5
5
5,23,31
5,27
5
5
5
5
5,8,21,23,28
5
5,8,15
5
5
0,5
5
5
5,22
5
5
5
5,
5,23
5,8,20
