78 484
111 289
157 302
155 328
83 202
87 273
84 419
67 901
68 257
121 203
23 422
169 270
24 350
25 656
129 469
26 225
27 1402
208 223
71 214
234 205
72 627
73 199
74 218
76 311
59 308
57 284
136 342
56 368
217 246
108 270
64 216
65 355
63 269
60 297
102 298
49 671
97 317
96 346
94 224
148 276
44 443
93 1101
47 344
90 297
186 269
51 951
53 203
54 349
142 212
88 287
50 1286
49 50 210
23 50 272
23 51 213
24 50 209
25 50 403
25 51 307
51 78 257
27 93 216
50 78 307
72 93 199
25 93 221
25 72 222
50 84 246
50 93 371
51 93 269
51 72 297
51 84 228
50 72 402
129 50 270
129 51 221
50 51 550
25 50 51 212
