33 348
34 244
158 217
39 546
285 182
156 152
155 261
38 652
154 207
152 162
150 169
151 200
40 214
202 204
201 161
22 199
169 289
25 254
166 234
207 232
27 623
208 202
168 179
167 277
209 165
161 173
2 163
1 644
0 469
164 282
30 203
5 773
32 351
4 827
8 278
211 225
210 145
215 233
216 242
213 202
214 213
219 225
17 432
178 306
218 252
176 196
12 169
21 150
20 221
109 427
175 225
108 1781
106 195
105 257
103 402
101 211
98 171
97 181
96 307
222 208
95 200
94 299
227 258
187 299
189 271
180 438
10 495
184 169
185 366
186 150
88 650
89 338
79 144
117 188
78 279
114 165
77 333
112 284
113 372
111 301
196 298
190 230
118 230
192 218
119 146
198 252
80 377
81 306
86 352
248 168
87 274
246 289
85 323
126 179
68 275
128 167
121 255
123 158
239 236
120 265
71 800
233 210
73 569
74 260
75 216
76 370
237 188
262 151
59 524
138 217
58 163
139 161
57 949
136 203
56 2285
137 173
60 268
130 375
143 369
48 1374
145 254
252 155
147 484
148 294
149 180
257 219
53 279
142 515
108 147 239
142 56 172
4 96 145
56 59 193
4 76 193
38 56 158
108 59 161
1 56 241
10 56 230
108 56 444
56 71 204
108 4 224
108 80 146
108 38 188
