59 458
58 534
55 378
35 1014
17 711
39 469
43 1173
41 600
40 425
64 357
63 511
61 876
49 332
144 323
69 466
68 344
45 923
44 749
23 306
7 1603
185 627
31 336
4 2294
51 1368
9 1263
8 417
54 367
73 473
74 389
35 41 419
4 61 778
59 61 316
61 7 576
4 63 415
4 69 400
61 9 501
17 51 343
51 61 320
185 7 524
185 4 595
35 51 344
43 44 328
4 51 1263
17 4 593
4 54 331
51 7 938
35 45 384
17 7 362
4 55 329
35 44 300
51 9 644
17 9 308
4 58 450
4 59 421
59 7 364
185 43 425
59 9 313
43 45 345
35 59 340
43 51 881
41 9 347
43 7 890
44 7 413
4 44 661
41 7 384
4 45 779
4 43 1078
185 51 480
4 40 365
35 61 512
45 51 439
4 41 544
44 51 381
17 35 312
45 7 474
43 9 582
44 9 326
7 8 367
41 59 310
4 8 400
4 9 1141
4 7 1495
4 74 323
4 73 398
41 61 354
35 4 902
17 45 318
8 9 307
7 9 879
35 7 596
39 4 388
35 9 553
4 43 51 838
35 41 61 309
4 44 7 378
4 43 7 847
4 41 9 328
4 41 7 362
43 7 9 462
4 45 7 422
4 43 9 542
4 59 61 302
4 61 9 476
61 7 9 383
35 4 41 393
185 4 7 511
35 61 9 348
4 61 7 539
185 51 7 425
4 41 59 300
35 61 7 383
43 51 9 441
35 4 45 330
35 41 7 323
185 43 51 409
43 51 7 751
35 4 61 481
4 45 51 387
4 44 51 351
17 4 51 300
4 41 61 338
185 4 51 463
4 7 8 359
35 4 7 549
4 59 9 298
35 4 9 507
4 8 9 298
4 7 9 828
4 59 7 347
51 7 9 472
35 7 9 384
35 4 59 324
35 59 7 305
17 4 7 318
4 51 9 601
4 51 7 893
185 43 7 398
4 43 44 305
35 4 51 302
185 4 43 415
4 43 45 307
185 4 43 7 392
4 61 7 9 369
35 4 41 7 309
4 43 51 7 727
43 51 7 9 385
35 4 61 9 340
185 4 43 51 400
4 43 51 9 420
35 4 61 7 365
185 4 51 7 416
185 43 51 7 391
35 4 41 61 297
35 4 7 9 361
4 51 7 9 452
4 43 7 9 439
185 4 43 51 7 385
4 43 51 7 9 374
