263 219
210 192
59 303
58 250
138 436
139 243
17 350
35 233
18 238
36 190
15 580
33 406
13 272
14 1385
11 3824
21 268
20 403
43 318
42 989
41 867
40 405
83 430
63 284
86 286
60 657
99 303
69 200
96 195
252 209
45 255
44 640
46 639
22 259
26 233
27 1548
28 237
9 682
8 394
72 652
256 231
141 278
11 21 209
11 141 191
11 20 304
11 63 201
11 40 256
11 41 607
11 99 228
11 60 487
11 42 697
11 43 252
11 83 264
11 59 226
11 33 226
11 35 189
27 42 195
11 15 421
11 17 201
11 13 227
11 14 976
14 72 226
27 60 196
41 42 189
11 72 542
11 9 404
11 8 269
11 46 548
11 44 426
11 138 362
14 27 286
14 46 220
11 27 1022
11 22 208
11 14 27 217
11 14 72 191
11 14 46 193
