79 117
112 164
58 249
111 121
35 132
177 413
33 525
34 1014
38 116
151 150
108 149
64 146
83 214
103 180
102 177
99 233
86 149
61 211
84 241
125 231
97 270
126 148
96 553
68 229
121 114
45 1317
94 155
44 633
92 747
91 237
23 120
24 398
26 1234
207 138
27 175
28 196
29 359
2 618
32 183
31 190
70 204
52 139
120 112
72 116
73 160
76 232
177 26 189
177 2 127
44 45 553
34 58 125
26 84 125
26 45 207
24 96 143
26 92 282
34 84 143
26 91 122
34 83 126
24 92 164
33 34 250
26 70 117
177 84 131
24 26 169
177 83 118
125 34 119
26 29 173
2 26 304
2 24 132
177 34 240
26 96 214
26 97 122
33 96 130
26 58 118
24 34 243
2 92 167
34 97 160
34 96 314
177 92 144
33 92 160
2 96 142
2 33 139
26 83 112
26 34 467
2 34 317
34 92 407
177 96 113
26 33 277
125 26 127
29 34 152
24 34 92 118
26 33 34 132
26 34 92 174
2 26 34 163
26 34 96 138
177 26 34 119
2 34 92 120
