21 819
19 370
22 1375
9 1987
15 289
53 483
8 1418
16 290
26 779
27 244
14 1979
11 295
21 53 214
19 8 273
22 53 367
19 9 359
21 26 398
22 9 1362
22 8 1004
21 9 816
14 53 471
14 16 287
22 26 593
27 9 239
26 9 775
26 8 593
14 19 361
14 15 287
21 8 614
11 14 287
21 22 614
11 9 288
11 8 226
14 8 1407
16 8 210
15 9 287
14 9 1968
8 9 1417
53 8 374
19 22 244
14 27 239
16 9 287
53 9 472
14 26 778
14 21 818
14 22 1369
11 22 210
14 19 22 244
11 22 9 210
14 21 8 614
21 22 26 316
14 22 8 1004
14 21 9 816
14 22 9 1362
11 14 22 210
14 26 8 593
14 16 9 287
14 16 8 210
14 15 9 285
14 19 8 273
26 8 9 593
14 19 9 359
21 8 9 614
14 22 53 367
22 8 9 1003
14 21 53 214
22 53 9 367
22 53 8 302
21 53 9 214
11 14 9 287
11 14 8 225
21 22 8 473
14 21 26 398
21 26 8 304
14 22 26 593
21 22 9 612
14 53 9 471
14 21 22 614
22 26 8 464
21 26 9 397
14 53 8 373
22 26 9 590
14 8 9 1406
53 8 9 374
19 22 9 242
16 8 9 210
14 27 9 239
14 26 9 775
11 8 9 226
19 8 9 273
14 22 8 9 1003
22 53 8 9 302
21 26 8 9 304
22 26 8 9 464
21 22 8 9 473
11 14 8 9 225
14 21 8 9 614
14 22 26 9 590
14 16 8 9 210
14 26 8 9 593
14 19 22 9 242
14 21 53 9 214
14 22 53 8 302
14 22 53 9 367
14 19 8 9 273
21 22 26 8 246
14 21 22 9 612
14 21 22 8 473
11 14 22 9 210
14 21 26 9 397
14 22 26 8 464
21 22 26 9 315
14 21 26 8 304
14 21 22 26 316
14 53 8 9 373
21 22 26 8 9 246
14 21 26 8 9 304
14 22 53 8 9 302
14 21 22 8 9 473
14 21 22 26 8 246
14 21 22 26 9 315
14 22 26 8 9 464
14 21 22 26 8 9 246
