0,1,2,3,4,5,6,7,8,9,10,11
12
13,14,15,16,17
3,4,7,8,18
2,3
1,19,
2,8,11,17,20,21,22,23,24,25,26,27
22,26,28,29,30,31,32
30,33
34
8,35,36,37,38,39,40,41,42
2,20,43,44,45
46,47,48,49,
12,50,51,52,53,54,55,56,57,
53,58,59,60,61,62,63,64,65
66,67,68,69
70
2,4,5,21,57,65,71,72,73,74,75
8,14,29,32,38,39,43,52,67,76,77,78,79,80,81,82,83,84,85
6,14,18,20,21,26,29,32,38,39,43,48,49,52,61,62,65,67,68,72,76,77,78,79,80,81,82,83,84,85,86,87,88,89,90,91,92,93,94,95,96,97,98,99,100,101,102,103,104
6,18,20,25,26,43,49,58,61,65,67,68,72,75,77,83,84,86,87,88,89,90,91,92,93,105
6,18,20,26,43,49,61,65,67,68,72,84,86,87,88,89,90,91,92,93
56,89
8,10,13,42,84,106,107,108,109
21,43,78,84,92,93,96,110,111,112,113,114
38,46,84,89,113,115,116,117,118
0,4,5,17,28,31,42,43,84,88,89,93,111,112,113,114,118,119,120,121,
65,81,84,89,93,96,106,122,123
11,36,56,74,79,83,84,89,108,124,125
12,38,46,54,79,81,89,90,95,105,106,107,110,113,114,115,118,121,126,127,128,129,130,131,132,133,134,135
6,18,20,26,28,29,35,43,49,61,65,67,68,72,75,81,84,86,87,88,89,90,91,92,93,97,111,113,114,118,133,134,136,137
18,29,55,65,66,79,83,84,88,92,109,113,114,126,134,138
6,18,20,26,43,49,61,65,67,68,72,84,86,87,88,89,90,91,92,93,
21,43,57,96,106,139,140
43,80,89,110
2,11,24,43,114,
2,9,67,88,106,114,141,142
11,114,
11,48,89,110,114,143
48,68,84,88,96,105,106,108,110,113,121,138,141
2,61,95,115,130,144
8,11,12,13,41,112,114,118,
8,13,77,114,
11,17,84,88,108,113,114,118,121
2,61,95,115,130,144
12,43,45,48,56,78,79,84,105,112,113,114,121,141
19,33,51,64,114
8,13,42,63,97,114,145,146,147
4,9,12,67,111,114,126,146,148
10,43,89,93,96,112,113,114,118,121,126,141,149
1,89,111
1,8,13,24,41,79,114,126,150,151
8,42,47,48,49,67,72,113,114,118,152
24,43,84,89,109,113,118,146,152,153,154
2,11,24,48,84,114,126,140,146,
65,69,78,114,140,146
69,89,110,115,116,155,
8,13,46,61,63,81,137,146,153
65,127,140
4,69,75,108,114,137,140
43,63,105,110,119
43,89,126,144
46,55,95,140,156
69,89,105,157
9,24,88,93,158
10,43,51,73,84,89,97,110,159
19,24,43,102,107,110,112
23,60,89,126
9,11,17,43,89,140,148
2,43,44,59,107,112
8,12,13,22,41,42,48,66,73,84,89,96,97,107,113,119,122,142,152,160
17,24,63,89,140
27,43,89,152,159
5,11,13,20,41,42,43,48,59,75,79,84,113,114,118,121,137,146,152
9,17,49,88,148
0,2,12,39,43,46,49,78,84,89,95,105,110,113,118,121,126,142,144,159,161
2,24,32,46,140
46,89,137
17,47,54,83,89,106,108,112,113,114,126,162
11,68,84,89,106
32,66,81,126,148
21,50,79,84,89,121,143,145,163
48,84,88,121,140,149
24,48,73,79,116,135,136,141,146,155,164
8,13,19,24,48,59,84,107,113,114,118,119,121,154,157
146,
8,13,41,73,84,89,110,114
39,43,68,77,84,89,93,106,113,114,116,129,141,155
11,23,24,45,48,84,88,95,113,114,121
18,35,36,43,46,71,80,84,97,109,110,121,165,166
36,78,89,105,110,149
4,10,67,78,84,89,96,110,114,119,121,167
48,49,57,81,89,126,146,149,159
22,43,89,97,110,159
84,107,126
11,67,68,84,110,140,149,162
41,63,79,89,114,126,140,145
121
0,8,13,36,41,43,52,56,63,73,113,114,118,121,146,154
11,28,48,51,68,84,88,106,109,121,146,159
17,19,20,21,24,79,84,88,89,99,113,114,118,121,137,140,149
8,11,13,17,23,41,42,43,79,84,96,106,110,113,114,118,121,126,141,149
12,24,71,84,113,114,118,121,146,168
12,69,78,89,146,154,169
12,19,28,29,55,65,69,89,111,113,118,140,151,156,160
2,35,67,68,88,112,131,137,149
17,43,93,109,143,170
137,165
82,84,141,146,151
12,39,46,51,81,84,88,89,114,170
11,13,57,65,75,80,84,89,108,113,114,118,157,171
84,89,114,126,140,143,159
46,83,84,89,95
12,31,43,45,74,82,84,113,114,118,172
10,22,84,114
84,88,89,106,109,114,126,140,146
8,13,24,41,42,43,78,84,114,126,152
11,43,45,66,67,72,84,89,109,113,114,118,140,149,173
24,35,84,89,156
24,49,73,84,140
1,43,51,89,114,126
28,84,93,102,106,114,126,127,141,173,174
17,84,88,89,119
11,29,66,77,79,84,89,114,146
8,24,41,42,82,112,114,140,146,175
1,19,79,84,89,114,126,140
8,32,41,63,84,114,176
89,159
17,24,28
8,42
8,41,42,57,84,114,126,142
8,36,41,42,84,114,121,126,145
63,84,93,114,149,169
9,10,46,84,88,89,92,114
48,82,84,89,96,109,121,149
18,46,51,52,78,84,109,114,121,126,140,
55,78,84,106,140,171
2,52,84,111,114,140
11,54,65,81,84,95,105,113,114,118,127,138,140,141,156
12,66,84,106,114,126,145,146,151
24,31,55,80,84,106,110,114,140
25,43,49,66,89,96,109,126,146
2,4,18,19,31,38,44,45,49,54,73,84,89,92,96,97,107,113,114,116,128,133,134,140,144,155,160
18,43,53,84,89,110,114
8,13,42,68,95,106,114,126
35,36,89,114,126,140,144,146,
48,49,81,84,89,146,156
114,146
17,37,43,149
6,8,12,41,48,96,105,107,110,141,146
19,43,53,57,89,112,113,114,118,120,144
73,89,111
19,20,29,43,84,96,107,109,110,112,113,114,141,148,153,161,165,177
73,127
118
17,19,29,43,80,112,113,114,118,126,148,160
0,2,17,27,54,55,81,84,89,105,106,113,114,121,126,150,156
10,54,69,71,73,84,89,96,110,113,114,118,119,141
8,9,13,42,51,88,114,145
11,67,109,114,141,173
6,18,21,31,35,36,43,55,71,84,89,92,97,106,110,111,113,114,118,135,173
10,12,22,106,114,141,144
1,55,89,92,110,114,152
9,10,23,43,81,82,84,89,95,96,99,109,113,114,126
27,46,53,68,84,89,126,146,
8,32,41,43,46,49,75,78,96,99,102,105,146,158,172,178
29,43,65,83,84,144,146,
4,8,12,13,23,48,59,66,69,74,78,84,89,97,108,112,113,114,118,121,126,131,139,141,145,148,149,173
0,20,38,43,51,75,84,88,89,93,113,114,118,144,146,154
109,
8,13,41,42,65,89,105,109,114,119,146,154
10,11,24,85,89,94,98,100,178
136,137,
8,13,42,127,144
0,1,11,22,36,43,81,82,83,84,88,89,96,97,105,107,110,111,113,114,115,116,118,127,128,129,130,134,140,141,142,155,173
12,17,84,89,110,114,127,149
8,24,43,84,89,109
89,96,145
56,63,93,114,142,149
89,106,114,137,140,
20,26,32,48,78,84,89,96,110,113,118,119,126,144,145,160,173
1,19,51,67,73,83,89,114,140,173,179
8,17,42,56,84,97,105,114,127,138
1,12,78,96,114,146
9,17,23,24,84,89,96,114,121,166,167
0,35,84,93,99,113,114,118,149,158,180
9,17,23,24,84,89,96,114,121,166,167
8,13,41,42,66,114,159
10,11,31,84,89,114,172,
74,126,135,146,158
31,69,77,84,112,114,159,165
1,28,31,48,63,66,84,89,99,113,114,118,139,
11,24,48,55,72,78,88,114,140
8,13,42,46,55,84,107,114,119,146,164
75,89,96,
8,13,41,45,63,69,84,96,110,113,114,118,145
1,48,64,75,80,84,89,111,113,114,118,145,146,171
1,10,17,77,83,84,107,109,113,114,118,141,145,146,
36,65,81,84,107,109,127,181
12,23,43,81,84,88,89,93,96,102,110,112,113,114,126,144,160,167
17,18,29,46,51,54,55,72,79,84,109,113,114,145,146,160
8,12,13,18,24,36,44,78,84,92,110,111,112,113,114,122,131,146,148
137,
79,84,108,109,146,
10,43,109,114,144
73
25,29,48,96,146
2,46,84,107,114,117
89
89,109,112,114,148,165
43
43
20,33,43,48,75,89,90,96,126
43,54,95,105,106,107,108,113,114,118,126,138,140,146,150,159
17,26,35,72,78,97,106,113,173,
49,114,140
9,20,89,93,114,126,141
17,35,46,57,109,114,140,159
24,50,70,77,83,84,92,96,106,114
18,29,51,79,89,92,94,110,114
12,17,27,28,43,44,74,75,79,80,88,112,114,127,133,134,143,149,151,152,154
0,12,20,32,43,114,126,168
36,81,107,109,110,126,141,154
66,73,81,106,114,126,139,140
12,17,18,28,29,43,48,75,78,81,82,83,89,92,96,110,113,114,115,122,130,134,138,139,146,152,153,155
17,55,57,81,111,112,113,114,118,141,156,173
19,27,43,67,73,82,110,112,113,114,115,116,118,127,128,130,134,141,152,157,159,161,169
11,30,43,44,48,53,75,79,81,82,89,96,109,110,113,148,152
21,38,43,46,77,82,89,113,118,124,126,164
12,46,48,52,66,79,110,113,114,118,127,150,152,160,167,168
12,26,28,32,52,60,65,68,88,89,92,97,109,113,118,145,148,151
10,12,43,54,68,89,96,97,105,106,107,110,113,114,118,146,149,152,153
0,12,40,44,46,99,110,113,114,118,137,140,149,157,165
28,34,35,48,59,71,81,105,107,108,113,114,118,140,141,148
18,79,88,89,92,105,106,108,113,126,141,156
17,43,88,105,146,152
28,29,63,65,106,109,141
43,46,53,66,69,89,107,109,110,112,114,146,
17,45,97,112,114,119,126,141,146,160
135,137,165
10,67,114,141,151
24,114,126,140
10,12,112,114,126
1,8,11,13,84,114
43,84,89,126
8,13,41,73,84,114,149
12,18,28,84,102,112,114,140,148,166
36,46,51,55,82,114,127,137,140,165
0,38,80,84,93,99,113,114,118,160,173
8,41,42,43,119,126,165
12,17,37,51,63,112,114,140,145
51,84,111,112,114,115,119,121,126,128,140,144,155
11,17,19,43,44,65,78,84,88,89,105,113,114,126,159,173
8,9,13,42,63,77
33,55,63,65,113,118,140,151,156
17,81,82,89,111,113,145,156
9,27,29,74,84,107,114,156
77,84,89,92,121,149
10,18,56,89,92,106,114,170
9,10,33,49,80,89,114,121,166,182
10,24,29,111,114
11,12,65,96,114,154,171
23,93,96,134,148,171
24,46,78,126,135,146
8,13,43,59,84,114,121,140,159
24,84,89,110,159
0,2,8,9,13,36,41,46,50,78,84,114,167
23,24,46,55,96,114,140,156
8,13,36,56,119
36,89,96,106,119,166
24,67,89
9,89,114
17,84,89,106,116,126,130,146,171
24,49,140,166
84,89,126,171,182
17,52,84,108,113,121,126,149
8,9,13,41,43,114,171
17,28,52,84,89,90,113,118,126,141,161
12,33,43,84,88,89,113,118,126,159,173
8,13,17,41,68,89,90,106,114
18,48,49,51,67,102,106,114,171
53,73,84,106,141
10,35,43,54,84,88,89,110,114,126,144
27,43,79,81,84,89,96,107,109,151,156
2,9,12,18,29,43,65,68,83,84,89,92,113,114,122,126,141
19,65,80,93,109,114,156
0,2,11,20,31,43,79,84,88,89,95,113,114,119,127,149,169,173
9,19,43,46,57,66,84,89,114,146,
24,26,52,55,84,105,113,114,126,140,146
1,17,26,36,46,96,107,114,
17,28,29,33,43,47,81,84,89,99,106,113,114,131,140,141
10,48,66,96,114,131,140,177
1,18,20,29,32,38,43,48,62,84,89,107,113,114,118,126,127,142,143,148,153,172
10,17,30,43,46,49,68,78,81,84,107,109,110,114,121,126,144,148
0,2,9,31,45,73,84,89,96,114,146,152
10,11,12,20,24,43,62,71,73,84,89,96,110,112,113,114,118,126,133,134
9,17,29,48,84,89,114
17,43,89,97,110,126,127
46,66,82,89,96,106,108,109,114,140
8,13,23,32,41,42,43,74,75,82,96,101,114,126
19,43,84,89,96,110,112,113,114,118,127,141,162
10,12,33,85,86,89,100,101,127
43,89,105,127
43,96,141
137,
43,45,110,114,140,160
31,80,84,88,89,126,149
39,43,96,126,159
114,140
63,81,84,109,140
8,9,13,41,96,105,106,110
10,17,84
8,13,41,43,84,114
1,6,12,61,63,68,84,89,96,107,113,118,150
43,59,84,89,109,
10,22,67,84,89,114
44,79,84,89,106,110,126,146
7,47,89,149,166,173
1,12,17,31,43,56,77,81,84,88,89,92,105,112,113,114,121,127,149
112,114,139,140,162
18,23,31,49,51,53,61,81,84,92,93,96,110,112,113,114,118,119,121,122,152,173
17,83,84,114,140,171
1,10,17,51,89,106,114,140,163
1,8,10,11,13,42,81,84,114,146
8,13,17,24,42,83,84,110,113,114,126,159
10,17,43,49,55,81,84,109,113,114,118,141,146,156,159
2,9,73,106,114
4,11,23,29,81,110,112,114,127,163
43,89,99,113,127,137,146
9,19,46,55,107,150
43,48,81,83,89,93,97,110,112,113,114,169
11,12,46,48,81,84,88,89,93,107,113,114
7,17,18,28,50,92,111,114,118,140,145,156
1,10,47,89,93,114,144,169
46,89,111
0,45,49,63,65,88,89,93,96,105,113,126,141,159,182
8,17,39,42,43,56,84,97,113,114,118,141,158
11,66,110,127,150
11,18,43,45,88,89,96,113,156
68,73,84,114,140,151,177
11,49,67,78,114,140,149,161
43
95,114,140,149,163
31,43,63,84,89,140
10,19,43,84,89,114,161
8,13,43,84,114,127,140,
2,9,46,48,73,80,109,114
5,8,13,28,41,42,96,106,114,141,169
8,13,23,41,42,43,45,56,84,114,127
46,67,84,89,110
37,43,48,84,89,113,118,127
81,89
52,74,80,87
9,24,73,114,177
8,13,36,41,42,43,78,84,88,97,110,112,114,126,133,134,143
18,43,63,77,80,81,84,89,92,93,96,110,112,113,114,118,126,144,167,177
11,31,84,89,96,99,114,119,141,173
43,89,96,102,114,140,163
30,36,38,56,74,84,92,106,114,145
11,17,28,37,110,114,119,140,146
46,48,49,71,112,114
8,13,41,42,43,49,74,84,109,113,114,141,148,161,171
28,32,43,46,59,89,107,134,137,141,144
8,42,78,114,140,144,166
17,31,126,141
6,35,43,45,51,62,84,92,99,107,109,114,126,135,148
48,50,89,111,114,119,140
11,43,81,84,89,90,97,107,110,113,114,126,133,134
8,13,24,63,79,106,110,114,127,140
28,35,38,43,48,49,51,60,72,84,89,95,96,97,105,110,113,118,138,146,152,153
24,54,55,78,89,93,96,111,114,164
19,37,38,78,80,81,84,106,107,108,113,114,118,126,127,148,156,183,
9,11,32,35,43,78,80,84,106,114,121,133,144
11,17,43,44,45,48,66,73,106,110,114,126,140
8,41,75,78,84,88,96,97,111,113,114,118,126,133,134,136,144,152
43,106,109,126,156
113
2,10,36,39,114,126
0,9,73,84,89,90,95,105,110,111,113,114,140,145,164
12,43,49,83,84,89,93,107,112,113,118,127,148,154
18,23,27,43,45,47,49,54,65,84,89,97,106,109,113,114,118,141,152,
25,54,84,89,107,110,114,121,126,140,148,182
20,28,45,93,102,114,161
11,24,55,96,114,141,152,156,174
109
174
8,13,41,114
2,48,49,84,95,114,140,163
18,24,73,84,111,114,144,146,
49,88,92,93,111,112,114
5,13,31,41,43,89,97,126,135,163
24,82,84,114,119,126,138,140
2,8,9,41,46,82,84,110,114,126
43,84,89,126
43,73,89,93,97,110,113,114,126,159
84,89,95,126
1,9,31,79,84,89,114
8,13,17,24,35,41,42,43,79,88,112,113,114,118,160,172,
46,93,105,106,114,140,169,
11,12,19,43,46,73,79,84,89,96,110,114,
0,12,36,59,81,109,110,113,114,118,145,154,182
10,48,114,117,146
9,18,43,48,84,114
29,49,61,84,102,111,114,141
12,19,49,63,67,106,114,140
8,9,47,48,59,84,114,158,168,
12,18,37,43,54,72,74,78,84,92,102,106,108,113,114,118,121,127,149,173
0,2,32,43,67,89,93,96,105,113,114,127,141,149
9,11,59,74,88,114,174
114,140
8,13,17,18,19,28,41,42,43,45,57,72,81,84,92,96,107,110,112,113,114,115,116,118,121,126,128,130,141,173
17,46,81,92,114,135,158
46,66,71,102,109,114,139,152
20,43,45,84,108,109,112,113,118,146,148,151
6,18,20,23,29,33,36,43,52,65,71,74,81,84,88,89,92,97,106,107,108,113,114,118,126,127,133,134,140,154
18,23,28,46,48,69,84,92,114,127,149
12,29,32,36,43,49,54,56,75,92,113,114,118,119,133,134,152,154,170,182
2,29,49,57,106,114,143,148,156,158,166
62,89,106,166
48,105,166,181,
5,8,13,24,73,84,105,114,126,141,156
39,43,73,93,114,138
2,114
54,81,106,114,171
8,9,13,18,41,42,44,46,53,90,110,114,168
10,43,48,96,108,114,127,139
19,29,48,53,80,83,89,112,114,117,171,173
68,78,111,140,166
38,78,89
17,18,27,43,45,77,89,114,127,152
12,28,43,78,84,89,112,113,114,156
53,64,79,89,108,169
66,69,96,105,106,110,126,134,141,163
4,89,96,110,114,184
48,73,75,90
12,20,36,49,66,71,82,84,89,90,92,105,110,112,113,114,119,121,127,141,145,150,152
9,17,19,43,79,89,96,114
43,78,156
19,73,89,145
49,89,96,111,112,114
17,27,79,89,112,114,127,141,156
6,12,19,32,43,49,77,79,82,84,89,113,115,116,121,126,128,129,130,137,138,141,171
8,12,13,20,42,43,60,63,78,80,81,82,84,97,106,110,111,112,113,114,121,127,137,141,145,159,160,170,182
10,52,73,89,114,126,148,152,166
1,17,30,45,78,81,89,93,96,108,113,114,118,149
73,89,96,97,112,114,119,147,159
18,20,35,37,44,46,47,60,69,79,80,81,84,92,95,110,112,114,118,146,153
28,31,43,53,84,92,93,105,108,110,112,113,114,118,121,141,149,152
6,18,20,26,35,43,49,61,65,67,68,72,84,86,87,88,89,90,91,92,93,113,114,118,121,133,134
51,69,75,81,89,106,126,141,159,166
1,8,12,13,26,32,35,36,41,42,47,67,81,84,96,110,112,113,114,118,121,152,160,167,169,183
12,23,43,49,62,65,81,89,109,126,141
12,51,67,79,84,89,90,93,110,112,113,114,118,145,146,158,159,161
32,48
8,13,114
8,13,46,80,114,119,153
2,43,50,89,114,141
2,114
0,18,32,35,36,71,84,88,92,97,113,114,117,118,122,132,133,134,168
80
1,84,89,96,97,114
4,17,22,84,114,127
43,82,109,114,140,152,181
17,84,96,140,156
9,11,19,33,80,88,108,114
30,81,84,88,106,110,156,165
4,111
10,114,159,169
8,11,41,63,73,84,113,114,126,140,144,156
19,96,114,171
113,118,176
6,29,43,50,84,88,89,96,113,118,119,144,159
7,17,18,26,31,33,43,48,54,63,71,73,82,84,88,89,92,97,110,113,114,118,127,141,142
0,19,31,43,63,114,
9,10,46,47,51,62,73,90,109,140
11,29,43,106,109,110,114,126
4,18,31,43,57,84,92,113,114,118,122
43,55,66,84,89,109
31,38,46,61,89,112,114,127,145
43
10,23,47,84,93,140,144,148
9,17,88,114,159
2,28,43,97,114,144
9,78,90,112,114,140,148,173
1,114,140,146,162,167
8,13,38,41,73,114,140,154
0,8,13,26,31,41,42,46,50,57,71,84,88,110,114,159,167
1,29,43,46,63,84,114,
19,43,48,89,109,112,114,
17,29,43,48,114,119,140,146
0,43,78,82,93,106,108,109,114,138,171
43,44,57,72,83,84,89,108,112,113,114,126
9,11,28,54,65,73,114,133,134
12,28,93,114,149
0,19,23,26,68,84,88,114,141
46,62,93,114,140,141,164
166
8,13,41,42,43,53,63,81,109,110,114,
18,24,43,59,78,80,92,113,114,118,168
17,18,23,65,78,84,89,92,106,113,114,118,121,145,152,156,159
23,31,35,36,84,92,96,97,114,134,145,148,170,
1,10,31,46,55,62,68,84,113,114,126,144,153
0,17,20,26,36,43,67,79,88,89,96,97,107,110,113,114,118,144,151,157,161,163
20,43,72,77,109,112,119,154,159,164,185,
17,18,21,37,43,44,45,51,81,84,89,92,106,113,114,115,116,118,121,128,129,130,141,146,152,155,182
18,23,26,36,49,66,83,89,92,96,110,114,150
43,47,48,63,65,73,80,89,96,109,110,113,114,127,140,152
36,46,73,89,96,109,126,165
18,24,29,43,56,84,92,113,114,118,156
10,11,17,27,54,65,72,78,81,84,113,114,140,141,145,152
4,17
4,10,18,46,80,82,83,84,89,92,106,113,114,118,126,141
18,21,22,23,31,39,49,60,71,78,84,92,93,113,114,118,133,134,135,139,141,154,159,
89,106,109,126,131
2,24,57,88,114
92,93,111,114,138,140
0,10,31,65,84,88,96,156
108,166,171
12,75,83,84,89,93,99,114,127,140,149,170,186
1,4,43,67,84,108,114,166
1,8,13,24,84,111,114,121
17,84,111,114,140,156,166
10,38,46,84,106,110,114,
0,4,9,19,38,48,49,74,80,84,88,89,93,96,107,111,113,114,124,127,141,149,162
1,84,88,92,110,114,119,121
17,68,84,96,106,114,140
1,46,84,105,149
2,17,84,89,114,127,140,149,154
17,31,48,72,83,84,93,96,114
39,84,90,140,167
46,47,62,84,92,114
1,10,11,46,81,84,109,114,141,159
79,114,140,181
114
84,89,106,112,114,152
1,29,62,66,73,84,89,113,114,118,126,143,160
28,38,65,66,84,152
9,48,84,102,114,121,164
11,17,84,114
1,81,84,88,121,151
179
8,17,41,84,109,114,126,138,140,156,185
11,43,84,114,121,140,146,171,177
9,62,84,114,127,143
28,84,89
17,19,61,66,84,107,114,141,159
48,73,84,93,114
43,53,81,84,90,114,140
8,13,41,42,43,73,84,114,121
51,79,83,84,93,105,106,114,121,153,156
8,13,43,82,84,114,164
8,13,41,73,84,114,141
43,75,78,84,89
6,12,43,65,79,84,88,89,99,111,112,114,118,126,127,146,159,178,187
18,43,78,84,111,114,139
5,9,42,51,53,78,84,88,110,114,121
9,29,32,43,54,74,80,84,92,93,113,118,121,129,152,164
18,31,43,45,78,80,82,83,84,92,96,97,111,113,114,115,116,118,127,128,129,130,133,134,144,154,155
10,47,114,140,171
20,77,82,84,89,93,108,113,114,188
9,46,47,84,90,114,119,149
12,18,29,30,75,84,89,92,96,97,106,113,114,119,126,134,144,145,164
9,10,43,89,106,114,126
12,33,43,45,46,84,89,96,110,113,114,127,133,134,159
12,29,73,84,89,96,109,110,121
8,42,43,75,78,81,109,111,113,114,115,119,128,152,155,
11,20,28,43,45,47,54,77,84,89,113,114,118,121,127,147,149,152
18,28,43,82,84,89,114
11,43,63,73,114,126,141,146,152
43,52,96,112,117
0,68,89,114,134
8,13,38,39,44,114,146,152,153
11,43,45,51,53,80,84,89,93,114,121,126,152,164
18,43,51,54,89,92,106,108,111,113,114,141,149,152
33,43,48,52,78,106,126,127,159,160
17,48,67
140
8,13,17,81,84,105,106,111,113,114,121,127,140,160
10,84,106,114
9,84,93,127,149,156
84,88,96,102,114,139,140
22,43,48,84,89,93,114
11,55,96,114,140,173
11,31,44,45,84,89,95,96,111,113,114,160
62,89,109,144
22,68,84,109,114,126,140
1,63,67,114
134
43,84,114,140,141,146
1,10,11,46,96,109,114,119,151
9,84,114,153,159
9,20,24,63,114,140
12,20,43,67,84,89,92,96
18,65,68,84,114,140,146
23,83,84,105,106,138,149,166
8,42,67,108
19,57,81,89,114,173,185
0,22,48,81,89,93,96,106,113,114,118,146,
11,28,113,114,118,146,148,153,160
8,13,28,53,173,185
21,26,38,84,109,112,114,119,145,150
0,2,29,32,38,39,43,51,65,79,81,89,96,118,126
0,17,24,84,105,106,114,140,143
45,89,126,143,170
82,141,149
19,112,114,126
28,49,51,55,78,84,89,96,105,119,132,133,134
55,96,114,140,141
4,17,66,81,84,114,141,148
29,65,79,84,112,114
2,46,84,106,114,151
10,12,49,56,78,84,114,146,169
11,46,106,109,114,140,163
11,20,29,31,43,63,65,84,96,106,113,114,118,141
9,43,49,84,89,96,113,126,141
24,88,89,119,138
148,166,
20,45,89,127,131
17,53,65,74,93,151,181
0,28,29,46,48,53,66,79,89,172
0,17,33,63,67,68,78,84,89,93,96,106,110,113,114,118,140,152,162
1,46,68,84,114,156
9,27,39,43,46,79,84,97,151,167
12,53,63,96,106,112,114,119,126,139,141
1,11,12,17,43,65,73,84,89,93,114,126,134,141,148,152,159
1,28,74,84,114,117,135,138
8,42,52,62,75,111,114
0,43,54,79,84,88,89,93,96,97,113,114,118,177
2,46,49,73,93,107,110,114,126,164
19,24,43,44,66,74,80,89,111,114,146,152,159
1,10,11,29,43,44,48,51,60,63,84,89,96,113,114,119,121,173
28,46,49,51,90,112,114,181
18,20,36,43,66,78,84,88,89,92,97,106,114,127,133,134,152
43,57,78,89,109,127
18,43,44,45,60,78,80,89,92,111,113,114,118,152,159,
0,5,9,43,53,67,73,84,89,95,113,114,119,127,131,141,159,165,169
12,17,30,32,40,48,49,54,62,67,72,74,81,84,88,89,92,106,113,114,133,134,139,141,
19,37,38,62,72,74,84,89,90,97,98,105,110,113,114,121,124,127,134,154,159,166,168,178,188,189,
43,46,88,96,112,114,141
48,117,126
2,9,10,32,44,107,114,149,182
17,73,83,114,127,140
2,17,114,126,140
46,89,96
46,55,84,106,112,114,121,140,173,
84,89,93,111,114,148
84,93,106,114,138,140,151,156
28,54,72,74,84,114,140,159,161,173
7,12,24,46,50,96,114,145
8,9,13,51,96,114
68,108,140,149
10,48,82,96,109,114,119,131,
2,19,29,43,52,73,84,96,109,114,115,116,120,128,130,169,
19,36,79,84,89,93,110,113,114,118,121,126,159,
63,66,73,79,106,110
43,48,65,166
81,166
11,43,53,84,89,93,96,114,144
8,41,42,43,48,68,84,90,111,114,138
8,13,17,28,52,84,107
38,82,84,106,109,114,140
9,10,17,68,79,82,96,111,114
23,36,43,75,84,88,89,109,114,140
9,80,84,93,114,119,127,140,152,153,156
46,88,89,107,108,112,114,160
19,33,47,49,51,84,89,96,105,113,114,119,127,140,146,148,151
4,11,26,28,43,80,84,95,97,106,110,114,122,134,140,143,165,185
8,13,21,39,41,42,46,48,81,84,114,122
0,8,13,41,42,44,61,78,83,84,88,93,105,114,133,134,139,145,146,162
11,114
11,114
12,24,36,43,73,84,88,110,111,112,113,114,118,121,152,154,167
8,13,17,28,41,47,48,65,84,90,93,113,114,121,126,140,149
10,12,43,48,65,84,89,92,96,110,114,121,141,160
9,10,63,84,106,112,114,126,127,140,141
23,88,89,112,114,119,131,133,134,154,185
12,43,89,92,112,114,144,173
10,20,29,43,48,84,89,96,113,114,118,146,171,184
8,9,13,17,25,28,32,33,41,42,48,56,63,67,75,77,78,81,84,93,96,105,113,114,121,140,163
8,13,17,41,42,84,95,113,114,119,140,141,159,164,167
68,108,166
17,38,43,49,81,84,89,93,106,107,112,113,114,119,126,127,141
12,50,53,61,68,96,112,114,146,156
1,2,9,46,83,106,114
2,24,32,89,111,114
22,35,38,54,65,72,74,79,81,84,88,106,107,112,113,121,126,141,162,188
0,18,48,81,82,84,92,105,108,114
146
48,54,81,109,126
20,27,30,31,43,44,47,75,78,84,89,93,95,97,110,112,113,114,118,119,121,133,134,144,146,154,159,160,185
121
0,2,31,88,89,114,115,116,127,128,139,152,155
43,84,88,93,106,110,112,114,126,149
17,61,81,96,109,125,148,188
9,33,52,54,79,89,113,126,141,142,149,151,157,159,174,185
8,13,26,42,43,48,52,84,105,113,114,121,126,133,134,141,156
0,27,29,37,43,63,72,77,79,81,84,88,89,93,109,113,114,118,121,126,139,141
53,82,84,89,92,110,112,114,115,116,119,129,169
51,57,65,71,84,89,106,109,140
9,112,114
63,80,89,111
89,108
46,51,89,105
55,64,79,84,106,112,114,126,144
18,89,92,114,119,173
8,13,67,78,81,111,114
11,43,46,89,126
1,68,88,110,114,135,173
2,43,48,84,89,96,110,114,153
2,48,67,89,114
8,17,41,42,84,99,114,127,135,158,
43,75,141
135
6,18,26,43,68,84,89,93,96,106,111,113,114,116,118,119,121,126,129,130,139,150,167
17,18,43,45,46,48,51,55,72,73,84,89,92,106,113,114,118,126,127,140,150,159,161,165,
31,47,73,95,114,140
2,46,89,96,97,114,119,139,170
78,83,111,124,149
84,89,106,149
43,49,88,89,92,114,127,135
1,8,11,13,33,41,114,122,144
0,12,31,35,38,43,49,62,71,80,84,89,102,105,108,113,114,121,148,169,170,173
8,13,17,35,41,43,68,84,88,97,105,107,113,114,115,121,126,128,129,130,133,134,140,145,158,159,185
29,63,82,106,109,111,114,140,173
9,43,81,93,105,127
17,68,84,140,156
10,24,97,126
0,8,13,17,32,35,41,42,44,56,80,84,89,96,107,113,114,118,121,145,148,162
4,18,27,32,47,49,63,77,78,81,88,95,105,106,113,114
46,51,84,89,113,114,121,140,150,161
0,12,43,64,71,73,79,82,89,93,110,114,116,126,129,130,144,155
35,43,54,114,140,173
8,41,42,48,114,164
53,63,106,112,114,140
8
8,13,41,48,65,106,114,148,149
48,49,55,62,95,115,116,128,130,133,134
1,12,38,54,62,81,114
11,17,35,43,66,78,89,97,109,114,146,152,173
1,10,84,110,114,138,141
8,13,43,96,111,114,190
1,89,114,116,155
10,12,43,84,89,92,110,114,169,171
46,89,96
1,69,114,140,149,160
49,67,84,114,140,149,177
46,52,93,117,140,166
6,9,26,43,48,55,84,88,93,105,110,113,114,117,121
0,31,77,78,81,84,106,111,115,116,155
17,43,45,78,79,81
35,43,45,48,77,106,152,170,186
19,30,31,32,43,46,77,79,84,106,110,112,114,139,146,151
8,13,21,41,42,43,96,97,111,112,114,146,159,161,171,185,
96,109,114,128,131,140,155,173
0,1,2,8,10,17,32,42,46,84,97,114,121,126,158,159
46,61,78,140,144,189
17,19,22,43,53,89,93,110,111,114,146,151,158,159
19,43,108,114,140,167,189
59,89,96,119,161
1,10,54,60,68,106,111,114
38,45,78,84,110,112,114,140,141,144,148,154,166
43,46,49,78,81,84,96,97,110,112,113,114,119,151
11,26,78,84,114,140,141,146,149
29,33,51,55,81,114,138,140,145
53,60,65,113,140,141,151
0,1,5,39,43,80,84,106,108,109,113,114,119,121,127
12,17,21,35,43,45,49,62,69,80,89,92,105,108,113,118,126,127,148
18,20,23,29,36,38,43,62,71,74,81,84,89,92,108,113,114,117,118,121,123,126,127,154,167,185,189,
12,43,49,96,105,109,114,169
12,48,89,95,106,126,156,173,
8,13,43,44,48,66,79,146,149,154
43,106
17,75,78,84,93,114,
10,38,43,62,106,114,149
27,106,114,140,151,162
56,57,81,84,88,93,109,110,114
2,8,9,42,43,67,71,111,114,140
0,84,89,93,96,109,114,126
17,43,66,84,92,93,105,114,141
65,84,89,114,140,168
32,43,46,84,89,105,113,121,149,173
2,6,35,43,52,77,89,93,96,110,113,114,126
19,21,67,78,84,89,114
17,18,38,48,66,81,84,96,102,112,114,115,121,126,128,130,148,155
8,13,17,46,56,114,140,156,163
9,10,68,93,96,114,162,173
0,20,32,73,83,84,88,89,93,102,105,107,110,113,114,121,126,150,154,159
0,1,33,43,52,62,68,79,88,89,108,114,119,127,140,142
0,17,20,31,43,46,54,62,68,71,80,84,89,102,105,110,113,114,118,121,122,141,149,160,173,177
17,36,43,49,62,77,78,84,89,90,111,113,121
53,81,89,93,105,114,138,140,141,159,169
0,17,43,52,68,84,90,96,97,107,110,113,114,119,141,
5,20,68,81,88,89,96,110,112,114,127,143
19,80,89,105,106,112,114
1,106,114,119,140,163,167
12,20,31,57,74,107,110,114,126,143,147
31,45,67,84,89,121,127,133,134,167
114
4,5,12,24,30,44,49,54,84,88,113,114,115,118,121,126,128,141,155,158,169,171,
10,11,55,114,160,165
17,20,31,74,84,88,89,105,106,113,121,140,141,162
2,12,45,48,65,66,74,77,79,89,92,126,141,150,151,154
5,30,31,46,49,84,89,97,113,121,126,127,140,161
12,20,46,89,96,114,140,150,162
20,33,49,75,84,89,110,113,114,118,121,126,141
53,77,89
109
89,111,126,169
109
109
46,89,149,166
17,38
2
8,41,46,114
29,67,109,140,148
24,46,62,67,109,119,127,139,185
17,43,59,84,140
43,48,57,65,66,78,84,89,105,106,121,141
46,84,93,111,114,137,141,170
31,47,84,89,92,112,114,126,127
0,8,13,17,31,41,42,48,84,88,105,114,126
26,38,39,60,84,90,92,106,110,114,127,141,152
2,31,48,54,75,79,80,89,93,114,127,161,163
36,43,48,84,89,93,106,114,121,126,141
12,17,43,49,84,89,114,140,141,149
9,17,22,46,74,82,84,96,109,114,168
8,13,18,41,42,43,44,79,84,92,111,113,114,118,121,126,141,142,143
39,89,149,160
18,21,35,36,43,56,65,81,84,88,89,92,107,110,113,114,116,118,121,129,148,152,154,161
9,11,17,89,90,107,110,114,126
17,29,43,68,89,93,96,107,114,138
49,89,96,110,126,127,133,134,159
11,43,89,106,114,141,152
12,32,43,46,84,89,92,95,96,106,112,113,114,118,121,173
19,66,89,111,114
38,93,106,109,112,114,140
11,17,18,43,48,51,69,89,92,106,113,114,126,127,148,152,156,159
1,46,65,89,106,109,139,140
12,19,43,49,62,68,74,75,78,81,84,112,113,114,118,121,146
8,11,13,17,41,42,46,84,97,106,114,119,121,126
9,10,17,46,84,89,114,170,172
17,18,56,95,114
8,41,42,93,108,114,160
8,13,19,20,32,41,42,43,48,78,84,89,105,107,110,112,113,114,118,121,126
43,48,84,140,146,148,171
9,17,89,93,95,109,114,137,140,
11,26,30,48,59,62,77,79,81,84,89,90,111,114,115,116,121,130,149,155
18,29,48,55,73,82,83,84,92,96,114,126,141,185
6,24,81,158,161
26,31,43,48,51,54,72,75,79,96,113,114,119,141,146,150,171
18,19,23,28,29,43,47,56,81,82,84,90,92,96,112,113,114,121,129,130,148,152,155
9,10,19,23,38,43,46,49,53,69,81,84,105,106,113,114,120,121,126,131,140,146,147
51,185
11,28,89,114,185
75,84,141,152
185
10,46,106,114,115,138,140,141,146,152,155
14,20,30,44,112,118,123,127,147,166,176,191
43,89,111,126
26,81,84,102,112,114,126,150
12,29,68,84,114,140,144,151,174
8,41,46,68,72,80,84,114,118,173
4,10,78,84,106,114,118,138,141
55,84,114,140,181
10,79,84,114,141,173
9,19,43,53,66,78,96,113,114,121,141
2,8,13,26,49,84,107,110,112,113,117
8,12,42,48,114
46,71,76,88,111,152
29,84,89,106,172
4,19,43,47,78,84,89,96,110,112,113,114,119,121,127,144,152
39,48,63,148,150,159,166
63,65,84,114,118,140,162,166
11,46,55,106,111,118,
31,46,80,112,114,144
12,17,20,35,48,79,114,118,119,126,149,
8,13,17,43,95,106,114,118,126
12,61,81,88,89,109,114,117,118,126,179
10,43,46,53,62,63,68,79,114,143
17,18,43,50,59,62,79,84,89,113,114,121,170
74,75,89,102,110,114,118
17,79,89,93,102,110,114,126,171,173
1,22,73,114,118,159,167,184
11,106,109,118,126,164
0,2,9,43,45,89,93,105,114,126,162,173
18,49,67,84,89,97,106,113,114,118,168
5,32,41,83,114,118,146,172
12,24,40,53,54,75,80,84,111,112,113,114,119,121
12,48,59,92,110,114,119,126,145
18,30,43,45,81,92,105,106,110,111,114,119,126,149,154,170
27,51,89,112,114,138
68,89
6,18,20,26,43,49,61,65,67,68,72,84,86,87,88,89,90,91,92,93,113,114,121,133,134,
17,19,27,32,38,43,46,47,52,65,72,73,75,79,84,96,106,110,112,113,114,118,121,126,141,144,145,169
75,89,109,118
53,106,141,156
2,5,8,13,41,43,48,96,107,114,141,149
118
12,31,43,48,71,73,84,110,113,114,118,121,134,152
8,11,13,53,96,110,114,118,163,186
4,37,56,89,93,96,114,140,145,156,171
12,28,29,39,43,48,59,92,109,112,113,114,115,116,118,130,139,141,144,151,156,158,163
17,18,43,51,73,92,96,97,99,114,144,146,148
66,79,89,93,109,114,119,126,185
12,29,45,75,105,114,138,139,153,171
89,102,110,118,119,164
12,43,66,73,80,84,88,89,92,105,109,110,113,114,115,116,126,127,129,130,133,134,138,144,152,155,181
8,13,29,43,67,73,84,113,114,118,131,146,165,171,173,
10,22,24,29,43,89,110,114,118,143
89,116,168
10,29,84,111,114
11,84,145
89,96,146,171
18,89,92,96,97,110,114
11,84,89,97,111,114,160
18,43,51,55,56,79,84,92,106,111,113,114,115,121,149
18,43,48,59,89,92,96,111,112,113,114,118,122,171
11,28,43,49,84,89
0,8,24,26,31,42,43,46,75,113,114,127,144,177
1,67,75,84,114,118,140,141,143,148
8,13,49,90
9,114,126,140,181
29,74,79,95,143,170
170
19,106,114,164
79,89,93,114
48,78,111,112,114,118,126,141,155
11,18,29,43,68,84,92,110,113,114,118,126,133,134,138,141,148,149,159
47,73,92,93,107,114,118,137,139,146
49,89,96,111,127,141,149,171
43,49,112,114,118,140,141,144
18,36,43,47,67,84,89,92,110,113,114,118,122,139,144,154
1,35,43,79,84,89,109,111,113,114,121,126
28,31,43,44,84,106,108,112,114,124,144,159,171,177
63,68,114,118,140,148,159
2,8,13,46,106,114
10,24,89,114,126,151
192,
114,118,139,140,143,145
2,9,10,11,24,43,44,48,80,81,84,110,113,114,118,126,133,134,146
12,17,18,20,43,45,64,79,80,82,84,89,92,96,105,109,113,114,119,121,127,139,148,149,159
10,114,146
0,30,33,43,48,84,92,110,113,114,119,159,160,163,167
43,46,48,54,73,84,89,105,110,113,114,118,121,126,151,171
17,19,27,29,53,54,81,84,88,90,112,113,114,118,127,141,148,
9,10,114
9,19,20,26,84,89,113,114,126,140,144
68,75,84,111,113,119,121,126,152,159
8,35,82,83,89,96,118,140
2,12,43,48,65,68,77,79,80,89,110,114,126,151,159
9,24,93,113,114,118,126,144,145,146
11,12,27,33,55,68,95,105,110,114,164
24,39,43,62,114,140,143,158
29,39,43,52,66,89,96,106,108,126,146,170,184,
43
17,101,106,114,140,166
8,13,41,114,126,169
52,53,63,106,140,166
8,13,41,57,114,169
9,12,43,57,62,64,88,105,113,114,118,127,144,147
8,11,42,111,114,139
67,69,106,114,118,140,159
47,63,78,114,118,140,
10,63,75,96,114,118
8,13,41,46,68,84,106,114,118,149,177
10,11,88,140,159,171,172
8,13,54,55,78,79,81,82,89,96,111,113,114,115,116,143,144,151,155
51,60,79,89,106,111,126,146
24,28,44,109,118,135,173
26,45,65,84,111,114,118,121,140,145,161,176
89
8,13,42,46,112,114
11,111,114,185
185
63,67,114,140,163
12,43,79,89,92,105,114,118,141,156,169
47,96,109,114,140,144,148
1,33,43,114,118,140
1,11,12,43,75,78,89,114,141,159
17,27,51,54,73,89,112,114,118,126,138,140,156
0,8,24,41,42,43,59,69,71,81,84,93,96,113,114,118,131,134,143,147,148,156,158,184,
19,49,59,84,89,106,112,113,114,133,134,141,150,156,159
19,27,29,36,43,49,79,82,84,89,96,113,114,118,164
33,45,46,81,114,140
1,10,89,96,107,114
12,28,39,54,106,114,118,121,124,151,160,182
10,11,19,20,28,32,43,49,51,53,75,82,89,96,108,109,113,114,126,151,186
17,37,73,114,118,139,140
35,89,118,126,141
2,43,44,67,89,96,112,119,144,149,152,168,171
19,31,66,79,84,89,105,109,110,113,114,115,118,126,129,143,145,148,152,155
11,12,17,19,20,28,37,38,43,65,66,84,113,114,118,122,127,140,143,159
1,48,66,78,114
52,63,65,81,96,114,140,146,173
6,18,20,26,43,49,61,65,67,68,72,84,86,87,88,89,90,91,92,93,113,114,121,133,134
24,29,39,80,92,108,114,118,151,152,164,171,173
53,63,73,75,89,186
10,66,114
17,31,43,51,73,89,118,126,137,141
8,9,22,42,44,52,112,114,145,173
12,17,72,81,111,114,
17,18,29,30,52,71,75,84,89,92,110,113,114,119,121,126,131,150,151
17,19,23,27,28,43,61,78,81,84,89,93,106,110,111,112,114,115,121,130,144,152,155,156
65
114,140,141,164
71,81,93,114,126,150
36,48,67,114,140,163
46,49,117
43,140
11,96,106,109,114,140,144,160,173
17,62,68,84,92,106,113,114,118,140,148,153
19,30,43,55,84,89,96,112,113,114,118,121,140,143
8,13,23,24,28,36,42,43,45,52,54,57,78,81,84,110,113,114,121,127
11,27,79,84,111,113,114,118,127,141,148
17,23,43,48,51,62,72,77,81,93,110,112,113,114,118,126,133,134,141,146,148,160
111,114,139,140
1,79,114,
0,1,12,19,20,31,39,46,49,57,79,89,96,107,110,114,119,122,124,126,133,159
0,10,31,43,89,96,113,162,169,171
37,82,89,96
24,36,43,88,89,118,141,144
11,12,89,106,114,127,140,172
89,111,140
111,114,139,140
89,118,126,146
12,17,39,47,78,105,110,113,114,118,127,140,188
28,43,78,89,118,133,134,146,
1,2,10,64,114,138
1,48,89,106,114,126,135,159
8,13,42,64,110,114,118,126,127
71,82,95,112,114,118,
89,126,141,159
8,10,11,13,41,46,111,114,138,173
12,36,43,51,62,74,84,89,96,108,112,113,114,118,121,141,146,147,149,173
17,46,88,89,96,107,111,112,114,118,145,160
8,13,46,68,114,126,141
1,8,13,42,43,110,114
8,13,18,42,97,106,113,114,118,119,169,193
11,18,89,114,126,159
110,162
2,6,26,43,45,46,47,65,89,106,110,114,118,126,138,140,149,161
8,9,13,23,27,81,84,114,141
48,139
0,19,24,32,53,84,88,89,96,105,107,114,121
19,46,109,114,128,130,149,151
37,68,82,89,106,114,140,153
2,48,96,112,114,126
73,114,140,185,
2,23,89,92,93,109,110,114,118,126,151,156
89,96,109
8,29,41,42,43,63,81,84,90,96,106,109,110,112,113,114,118,121,126,152
29,43,48,106,156
2,10,17,43,46,47,79,84,89,108,113,114,118,126,140
29,65,67,81,84,89,96,110,111,112,113,114,121,122,140,152,154,156,159,164
9,31,43,73,75,84,89,92,93,106,108,112,113,114,126,144
2,19,43,44,65,74,79,84,106,113,114,115,116,117,118,119,121,153,155,157,177,189
46,49,89
44,54,59,84,89,92,99,106,107,110,113,114,118,121,143,150,152
11,19,35,43,47,48,52,114,115,116,119,126,127,128,155
2,10,43,114,119,126,151
17,21,27,33,35,36,39,43,52,68,78,79,84,108,113,118,172
28,43,48,78,89,112,156,159
11,12,43,73,79,89,114,144,160
36,68,73,89,107,114,119,127,140,144,146
8,13,97,114,117
8,42,89,127,152,169
28,43,65,71,74,82,84,89,106,107,111,113,114,118,121,125,126,138,140,141
12,23,31,43,44,66,81,89,92,96,113,114,126,141
48,52,81,112,140,141,148,149,151,173
81,89,106,109,127,145,156
43,53,102,114,160
11,35,48,53,89,114,118,119
152
19,43,89,95,106,114,126,159
5,13,44,56,73,109,110,114,115,116,118,129,142,152,155,185,
9,89,114,159
17,20,29,43,45,48,75,84,88,89,96,109,110,112,113,114,118,119,133,134,154,179
36,44,78,95,118,119,126,143,159,170,
29,43,73,79,89,93,111,114,126,141,144
43,44,54,67,75,81,84,89,110,113,114,118,119,151,152,171
109
0,19,33,43,49,56,77,93,113,114,126,149,161,170
4,9,43,106,107,110,114,118,126,146,154
146
1,21,57
93,114,140,153,164
11,23,79,81,84,89,105,114,118,140,147,165
8,37,38,42,51,93,106,114,171
17,36,43,61,63,81,84,93,105,112,113,114,117,121,126,127,143,177
17,27,75,96,105,118,139,141,186
30,43,46,68,77,89,109
17,43,68,93,97,107,109,110,113,114,115,116,118,128,129,130,141,155,
17,43,52,54,66,88,89,106,108,113,114,121,126,127,133,134,140,152,162,173,177
146
8,11,13,114,140,153,156
12,17,31,43,52,81,84,89,105,106,107,113,114,118,139,171
66,72,89,118,144,149
12,17,59,64,74,79,84,88,96,102,105,112,113,114,118,121,154
31,43,45,46,62,89,93,106,112,113,114,118,119,141,173
29,31,46,48,118,140,173
8,26,42,46,49,79,84,88,108,114,118,
43,66,84,93,96,111,114
22,23,48,83,93
9,10,46,49,79,82,84,89,90,93,109,141
92,107,114,126
11,31,36,43,48,56,66,93,105,108,109,110,113,114,118,119,126,141,149,154,163
52,81,93,107,108,114
5,13,41,42,43,55,75,78,114,156,164
48,78,81,93,139,149
84,121
2,11,43,59,63,89,96,113,114,118,159
118,140
48,109,111,139,140
11,17,43,46,106,114,118,126,140
66,89,96,159
17,36,43,51,89,96,118,141,169
36,67,118,140,146,161,186
11,17,48,51,61,89,106,107,118,126,138,140,141,146,162,169
2,31,33,65,96,112,118,127,143,
11,67,106,112,114
185
10,68,114,165,166
89,96
8,12,17,28,31,36,42,48,97,113,114,131,140,141
10,63,83,114,140
17,27,38,171
12,46,89,110,114,126,127
0,6,17,18,21,26,33,43,56,59,71,84,88,89,90,92,96,110,113,114,118,121,140,143,163,167
2,23,28,30,43,80,81,84,89,93,96,106,110,113,114,118,119,121,127,140,185
43,73,84,93,106,114,126,140,167,169
111,112,114,140,171
8,13,17,42,43,57,80,97,107,110,113,114,118,126,140,151,152
11,28,89,110,114,126,140,
1,52,55,73,89,112,114,126,140,141,148
12,43,89,114,137,146
8,11,17,21,42,54,72,84,107,113,114,118,121,139,152
28,81,84,93,110,113,114,121,126,131,140,169,177
1,17,31,48,63,81,102,105,106,107,112,114,118,140,159,194,
8,10,13,48,72,110,114,118,126
11,45,48,63,114,126,140,
11,43,46,57,67,78,89,105,114,127,159
5,8,13,22,33,36,41,42,81,84,113,114,118,119,121,131,139,143,146,167,171
75,89,93,96,97,112,114,149
11,43,49,67,81,84,113,114,118,121,128,141
17,46,71,93,108,109,149
89,119
8,13,20,41,42,67,74,81,82,84,90,96,110,113,114,118,121,127,141,150,152
0,6,20,32,35,36,43,45,49,54,67,71,79,89,97,110,113,114,118,133,134,158,191
118
172
18,45,59,69,75,82,92,106,111,152
6,21,48,49,50,62,68,79,84,89,94,95,96,97,98,99,100,101,102,103,113,133,134
114
12,29,43,89,107,114,140,141,144,147
12,17,19,28,59,81,89,106,109,111,112,114,141,162
18,78,84,93,112,114,121,135,140,148,152,181
12,24,36,43,51,57,84,89,111,114,118
118
68,141
48,141,166
114,138,140,
2,17,48,140,149,171
9,72,89,114,126,141,152,156
1,43,89,93,110,114,118,141,144
118
18,38,52,68,84,89,111,112,113,114,118,121,126,127,141,152,156
17,20,43,79,80,81,84,89,93,96,111,113,114,118,121,144
9,89,107,109,118,140
89,96,140,145
20,43,48,68,89,114,118,140,144,152,173
18,43,53,67,74,81,84,88,89,92,96,105,110,112,113,114,118,121,171
0,48,62,77,110,114,141,145
79,149,161
11,22,26,72,81,114,118,140
48,73,118,140,153
8,13,20,41,108,114,118,141
12,24,36,43,54,79,81,84,110,113,114,118,121,126,127
48,173
0,2,8,13,17,32,41,42,44,48,74,77,84,88,96,110,113,114,115,117,118,121,128,129,171,185
106,111,114,140,173
11,24,96,114,118,135,155
2,8,39,42,49,63,67,114,118,162
2,37,48,68,83,84,89,108,113,114,118,121,126,149,152,154,161,173
19,26,46,63,73,118,126,147
8,9,13,41,42,46,50,51,63,84,105,109,112,113,114,118,141,145,153
43,48,49,84,89,93,107,110,112,113,114,118,119,126,146,169
8,13,42,114,116,129,143
2,22,43,44,69,80,84,92,106,108,111,112,113,114,121,144,160
9,51,71,89,93,114,126
1,10,18,26,46,48,51,60,65,67,84,89,107,113,114,149,159
114
2,20,36,40,52,57,62,67,73,82,84,93,95,96,97,110,113,114,118,121,148,150,162,163,173
2,8,9,13,163
11,29,51,63,73,96,127,140,161,162,181
8,13,19,28,29,31,41,42,43,63,65,67,72,78,81,84,93,107,109,110,112,113,114,118,121,151,156,159
12,114,146
33,89,114,117,140
11,20,21,56,57,80,81,89,106,108,113,114,126,139
4,8,11,17,28,29,30,41,42,55,106,111,114,169
29,48,49,51,74,118,140,156,170,
8,11,17,19,28,41,81,114,140,
19,43,62,89,111,114,118,
24,37,45,93,114,118,126,140,171
8,13,41,42,43,44,49,57,79,111,112,114,118,140,170
33,45,49,92,114,118,154,158,160
9,19,63,81,114,126
10,12,17,19,26,31,43,79,84,88,96,97,106,108,111,112,113,114,118,121,141
12,19,32,35,49,66,84,89,113,114,121,147,154,167,188
17,27,46,48,49,55,65,84,93,96,105,107,113,121,127
12,17,23,32,39,52,54,55,66,79,84,89,90,96,107,108,110,113,114,118,119,126,133,134,138,141,148,156,161,181
26,37,43,48,88,89,97,110,141,169
43,51,63,84,89,109,113,121,126
0,2,12,20,22,30,43,47,66,81,84,106,108,113,114,119,121,126,149,159,167
48,81,89,109,
12,27,43,48,65,112,114,118,127,141,156
46,48,49,53,109
1,9,32,48,49,51,95,109,114,126,152
45,47,81,105,109,112,114,118,175
4,10,17,20,65,78,89,93,96,106,108,114,127,138,140,143,145,156,161,162
17,39,89,111,148,173
1,89,109,114,124,126,152
12,43,89,112,114,144,149,170,
12,17,19,43,48,54,61,66,84,107,108,113,114,121,126,127,141,156,159
116,128,129,156,171
10,11,17,19,31,33,88,89,108,112,114,140
26,83,89,112,114,160
12,29,48,57,73,81,84,89,93,96,110,112,113,114,118,121,137,165
1,17,96,114,140,148,172
18,33,43,46,48,65,75,81,84,89,92,111,113,118,121,126,185
10,43,44,66,69,78,111,154,185
43,89,97,118,
118
24,89,140,151,169
19,20,28,31,36,43,56,77,80,84,92,93,97,102,106,110,111,112,113,114,118,121,127,151,153,162
20,43,44,46,66,84,89,97,110,113,118,121,141,142,185
55,106,109,140
11,18,24,35,43,59,80,89,92,96,109,110,113,114,144,152,154
2,114
29,65,89,149,173,193
1,10,73,89,114,118
17,18,51,56,88,93,106,112,114,118,119,170
1,26,93,114,
11,93,114,171
9,19,110,114,119,158
17,19,22,23,31,36,39,49,64,65,78,84,88,89,93,105,107,108,110,111,112,114,121,126,132,133,134,148,167
113,118
6,17,19,33,46,84,89,105,114,117,121,126,140,
24,89,112,158
8,9,13,42,46,63,110,114,142,146
11,12,19,30,84,89,96,106,110,114,121,163
65,96,140,162,166
0,8,13,41,42,46,48,63,78,79,81,90,92,107,108,112,113,114,127
0,2,12,20,43,84,89,96,105,110,113,114,119,121,158,167
2,17,75,77,79,114
11,26,28,48,81,83,84,113,114,118,121,138,140,152,173,189,
8,12,13,55,93,106,111,114,151
49,53,60,63,72,84,110,113,121,141
12,25,49,80,83,84,107,109,113,114,121,126,186
26,69,80,83,84,96,107,113,118,121,141,159,169,173
29,43,77,93,112,114,152,173
19,31,36,43,51,84,97,108,112,114,117,144,147,152
11,20,48,51,75,96,106,114,118,156,170
10,12,46,105,106,109,114,126
8,41,42,114
43,67,89,96,111,160
43,59,89,145,146,156,173
6,10,19,35,43,49,79,84,97,110,113,114,118,121,144,147,156
8,66,111,114,118,126,146,152,156,173
8,13,21,39,41,43,73,74,81,84,96,102,105,113,114,121,127,133,134,138,140,143,159,173
8,9,35,41,63,80,89,114
108,111,117,140,
11,48,63,108,109,112,114,140
17,55,114,140
66,114,140,149,162
39,46,51,89,110,119
9,27,48,88,89,108,112,114,126,141
12,79,89,109,114
5,8,13,17,41,46,82,114,146
29,36,66,84,89,96,106,112,113,114,118,121,149,156
35,47,68,89,110,140,173
0,8,11,13,17,19,29,67,84,90,110,113,114,121,140
4,48,96,106,112,159
17,28,65,72,84,89,106,111,113,121,152,156
8,13,28,42,49,51,109,113,114,119,143,148,149,151,159
84,121
33,43,44,141
19,48,78,84,89,93,96,105,106,112,113,114,118,121,126,127,146,149
43,44,80,84,96,113,119,121,133,134,149,170,
10,28,55,75,105,111,114
10,17,48,55,78,106,114,118,165
166
8,13,38,43,71,80,93,97,106,109,110,111,112,113,114,118,126,153
5,8,20,29,42,43,45,48,51,73,78,84,88,92,109,113,114,115,116,118,126,128,155,156
73,82,89,96,159,164
21,30,36,38,46,49,56,68,84,92,107,113,114,119,121,139,142,145,170
5,8,13,29,41,42,43,65,106,109,114,141
89,114,126,127,140,141,153,169
46,114,119,140,141,144,145,147
17,18,19,36,43,53,72,80,88,92,110,114,124,141,142,149
113,118
5,8,13,17,23,43,49,74,81,84,95,106,109,110,113,114,115,116,121,127,128,129,152
23,43,60,84,96,111,113,114,118,121,126,140,152,156
47,82,93,112,114,149,156
11,17,28,43,89,106,114,115,130,141,146,152,155,164
5,8,11,17,28,29,42,47,67,81,89,107,112,114,126,141,
11,74,75,78,96,114,153,156
12,17,27,35,38,43,49,56,81,82,89,106,114,115,116,127,129,130,131,140,141,148,149,156,159,165
2,17,24,43,89,102,152,165,185,190
140,164
43
2,10,81,111,114,140,144,154
10,12,114
55,93,148,162,166
12,30,79,84,89,93,106,110,112,113,114,121,144
10,89,106,108,114,118,164
89,106,118,140,141
43,46,48,84,105,107,110,112,114,154,188
43,65,114,140,
2,23,106,114,118,140,165,171
113
43,51,62,105,118,126,141,142
65,112,114,140,162
4,12,33,43,45,75,77,78,96,106,107,110,112,113,114,118,135,151,154,190,
10,114,140,152,153
9,96,114,140,189
0,43,84,89,93,107,113,114,126,141,148,149,169
67,96,106,189
10,17,89,114,118,140,141
17,29,43,45,54,77,81,106,113,114,118,133,134,140,141,149,162
46,81,89,110,140,189
89,114,140,144,165,189
1,12,17,27,38,39,49,84,109,114,118,149
0,19,43,67,78,89,106,114,140
29,89,105,108,109,189
10,89,105,108,112,114
29,43,89,111,118,144,189
9,79,88,114,118,119,126,127
8,29,42,44,114,144,189
17,20,89,109,110,112,114,118,126,148
12,17,40,68,82,84,89,96,97,105,107,113,114,118,121,126,144,148,152
82,89,96,115,130,141
1,10,36,66,89,106,114,146,
36,66,70,81,84,107,110,113,119,121,127,141,156
18,20,43,77,79,84,89,92,96,97,99,106,113,118,127,141,152,156,163,189
9,43,89,93,105,114,127
23,29,43,149
12,18,19,47,48,63,78,79,81,84,89,93,106,113,114,121,126,144,145,149,152,154,160,167
12,18,21,28,38,43,74,79,84,89,92,96,107,113,114,121,141,144,148,189
11,22,114
36,43,63,89,127,152
29,89,110,149
2,10,19,29,31,43,54,63,71,95,109,113,114,141,148,149,159
1,10,42,89,140,169
1,12,107,109,114,117,126,139
8,10,13,42,43,48,72,78,114,146
36,43,47,72,75,83,84,88,89,92,113,114,127,156
11,17,28,36,43,45,63,64,66,67,84,106,107,108,110,112,113,114,118,121,127,140,141,152
8,13,28,41,42,48,66,84,89,96,110,114,139,152
0,43,49,79,84,89,102,105,106,113,114,121,125,126,127,141,144,182,189,
93,106,109,145,149,164
1,17,63,107,114,126,140
12,114
48,64,108,146
17,35,43,48,81,89,96,107,113,118,127,142,154,159
1,38,43,48,51,96,109,113,114,118,135,141
51,78,89,96,108
12,23,43,59,89,118,127,149,185
10,12,29,81,89,114,118,140,141,154
0,43,46,63,67,75,79,81,89,96,111,113,114,118,150,160,172
29,43,109,177
12,17,28,43,84,89,110,111,113,114,118,119,126
11,31,35,36,39,49,54,71,84,93,97,107,113,114,117,119,121,152,183
0,8,26,42,46,55,63,84,110,113,114,118,121,141
84,121
84,121
0,12,20,24,43,47,77,84,113,114,118,126,
4,114
8,13,43,82,122,127,140,161,
11,19,43,63,78,79,83,84,89,113,114,121,127,144,146,185,195
17,24,39,51,61,71,84,113,114,118,140,145,170,186,189
39,43,51,61,74,84,88,93,95,111,113,114,118,126,143
12,17,36,43,57,65,80,84,106,107,110,111,112,113,114,118,120,154,161
114,118,185
124,159,166
93
2,17,81,114,118,140,152,196
8,24,41,44,63,109,114,152
18,23,43,64,65,68,78,79,81,84,89,92,107,110,113,114,116,118,121,126,127,128,129,130,149,158,168
0,43,47,55,114,140,141
11,43,46,81,107,161,165,166,171,196
12,17,29,106,108,111,114
12,26,36,68,77,80,81,84,89,93,109,112,113,114,119,121,140,145,149
11,12,43,45,54,67,78,106,107,111,114,119,146,149
12,114
19,21,48,111,114,171
12,17,28,114,140
0,43,48,63,78,84,93,96,113,114,118,121,127,151,152,156,158,160
0,8,13,17,27,29,41,45,48,78,90,93,97,106,114,141
27,84,90,95,105,107,113,114,127,140,141,150,152,164,181
17,31,35,43,74,80,83,84,96,106,107,112,113,114,118,119,134,144,152,153,156,160,173,195,197,198,199
55,73,89,
17,31,32,35,43,51,54,74,80,83,84,96,106,107,113,114,118,119,121,133,134,144,152,153,156,160,173,200
33,89,95,96,97
0,12,23,28,37,43,48,73,81,84,88,89,96,105,113,114,118,121,126,149
12,20,46,51,68,89,96,109,110,114,
17,18,28,106,107,114,119,127,138,152
9,20,26,49,52,55,84,107,109,111,112,113,114,118,139,141,156
32,38,39,43,84,89,93,96,107,113,114,126,146,
17,47,49,102,114,140,149
44,102,106,110,114,119
11,31,44,48,84,107,113,114,122,138,150,152
46,47,93,114,146,149,150,172
8,41,45,79,113,114,118,126,127,149
29,119,122,148,189,
1,11,23,32,38,43,54,79,89,95,105,114,127,148,152
109
17,28,43,88,89,92,96,110,114
45,78,88,92,110,114,116,119,129
18,45,73,106,111,114,144,156
4,19,43,53,75,81,84,89,110,111,112,114,115,116,121,126,127,129,133,134,144,151,153,154,160
29,51,138,140,148,152,185
2,8,9,13,41,96,114,118,122
24,46,48,89,108,118
10,12,114,166
12,20,28,43,67,84,89,93,102,109,112,113,114,119,121,162
17,43,89,102,114,118,140,197
12,18,53,89,92,96,114,118
43,49,63,79,84,106,114,115,116,121,129,140,146,154,155,169
8,12,75,111,114,118,152
43,55,67,90,93,112,114,118,140,173,177
11,22,36,43,54,79,84,108,113,114,118,121,141,148,149
66,78,81,89,140,165
10,17,28,43,49,75,84,111,113,114,121,159
8,13,28,43,51,79,105,108,109,114,118,140
11,20,29,43,49,84,95,106,110,113,114,121,140,152,169
10,24,31,35,43,47,48,84,96,109,110,113,114,118,127
1,48,114,118,140
19,79,89,96,118,119,146
12,46,51,53,114,149,165,169
12,19,32,36,39,43,46,49,51,79,89,93,105,107,110,114,118,126,127,131,136,146,154,196,201
65,118,140,141,153
118
46,144,146,171
146,
12,22,55,78,114,139,171
11,24,35,43,96,113,114,118,119,133,134,141,146,161,
56
11,53,54,114,131,144,146,196
2,18,29,44,55,78,89,111,114,140,144,146,151,164
0,2,83,107,108,114,144
53,63,92,114,146,
8,13,17,41,46,51,109,110,111,114,118
89,96,109,164
67,108,109,118,119
17,18,43,63,89,92,110,114,118,133,134,141
17,29,43,48,54,79,82,89,96,113,114,118,156
9,11,31,43,48,90,93,110,114,
22,24,29,89,109,119
29,31,32,43,53,57,64,84,109,113,118,141,150,154
29,43,140,144,169
11,18,23,43,68,79,80,84,88,92,108,113,114,118,121,127,139,153,157,163
11,24,77,80,109,110,114,126,140
12,114
23,24,89,118
18,40,88,92,114,118,126,144,150
1,37,43,77,79,84,88,111,113,114,118,121,126,153
36,43,67,96,152,172,185
17,21,23,40,54,64,74,84,89,105,110,113,114,118,139,141,159,160
5,9,13,41,63,114,126,140,148
118
0,8,32,33,41,42,43,44,79,84,96,97,110,113,114,116,118,121,128,129,143,162
118
4,31,43,89,114
12,102,112,114,126,141,149,160,166
6,21,23,26,27,31,36,44,45,49,54,62,71,73,74,80,81,84,105,109,113,114,118,121,150,168
0,12,17,19,20,21,24,28,33,36,43,45,48,54,57,67,69,74,78,84,93,102,110,113,117,121,122,141,148,156
5,12,17,19,29,57,65,95,106,110,114,126,141,145,149,153,164
18,23,36,39,43,59,82,83,84,89,109,113,114,118,126,140,141,149,165,187
48,54,65,107,110,114,140,151,173
30,36,44,89,106,109,110,111,119,126,140,141,144,146,149,173
8,18,21,42,43,48,63,84,92,107,113,114,118,121,146,149,161,162,169
78,145,148,152
84
1,10,19,21,26,43,46,49,62,78,84,92,107,109,114,115,121,129,134,140,144,155,169
29,43,102,112,114,118,126,127,140,149,152,154,162,191
17,114,117,118,140,143
1,92,114
10,28,66,114,141
12,57,112,114,126,149,150,171
39,68,83,114,118,140
18,32,44,68,81,89,92,95,106,113,114,119,126,145
4,8,13,21,43,97,108,113,114,118,127,141
35,43,63,66,69,79,93,107,110,113,114,118,126,127,141,152,159,169
18,20,43,47,68,82,88,92,112,114,126,139,140,152
2,5,13,52,73,79,118,126,146,159
52,89,96,110
0,23,27,61,66,73,74,79,106,113,118
195
43,51,54,89,106,114
9,43,89,114,118,140,166,
19,81,89,114,126,156
8,41,43,63,84,114,
18,24,84,92,96,106,109,111,113,118,121,127,141
2
7,11,17,106,107,114,118
11,31,62,64,89,107,114,118,169,196
18,39,43,51,78,82,83,84,92,106,109,113,114,121,138,173,196
89,93,106,114,137,141,144
8,13,26,41,114,118,119,141,145,152
28,47,55,66,107,110,114,118,140,165
8,41,75,114,118,140,162,
0,11,26,89,114,143,151
10,31,47,68,88,112,114
43,53,66,83,84,89,109,113,118,121,152
67,82,89,110
9,17,44,79,107,114,118
35,36,39,89,97,106,111,113,118,119,154,159,188
12,28,31,43,47,89,109,114,118,146,160
11,36,51,57,89,106,114,127,140,
18,106,109,111,112,114,156
114
43,57,89,118,143,169,201
11,31,45,96,114,118,135,149,156
19,24,43,89,96
8,13,29,74,77,105,114,144
0,19,22,29,32,73,82,89,109,110,114,119,126,146
8,13,68,80,83,84,113,114,118,119,121,152
19,23,53,83,84,89,108,112,113,114,173,189
146
12,17,21,23,43,51,63,65,81,84,89,105,108,113,114,118,121,141,182
8,12,13,31,36,41,42,46,47,62,63,68,71,74,80,83,88,109,113,114,142,145,154,159
8,13,42,43,78,114,118,158
44,47,96,114,140,153
2,48,111,114,127
0,12,18,29,53,74,89,92,96,112,113,114
11,17,29,39,43,52,68,79,81,89,96,106,110,111,114,126,134,140,149,159,172
2,12,106,114,117,118,151,158
19,37,75,114,171,172
44,65,89,93,110,111,113,114,160,169
140,166
10,12,20,26,47,99,114,118,126,140,151
12,18,28,33,43,47,54,81,83,88,89,93,108,113,114,118,141,144,173,189
93
9,49,67,79,107,114
8,41,114
29,33,43,44,80,84,93,110,113,114,118,151
1,8,13,46,48,96,114
17,29,51,75,92,114,118,171,173
12,19,35,52,53,67,106,108,112,113,114,127,148,152,162
12,23,33,38,43,51,60,113,114,141,160
0,9,19,32,43,71,73,89,96,97,113,114,126,159,168,196,
2,8,10,13,30,47,52,79,108,113,114,145,158,167
8,12,13,31,35,36,41,42,43,59,78,84,88,92,97,110,111,113,114,118,121,144,149,153
89,102,109,110,114,118
9,11,46,77,83,89,114
27,39,46,84,89,93,95,110,113,114,121
12,17,43,47,66,67,89,93,141,148,159
43,114,118,126,131,140,143
24,48,73,80,96
8,13,29,41,42,66,67,75,110,114,171,172
8,11,42,49,73,114,171
2,22,52,84,89,92,96,113,114,121,150,151
1,43,46,74,79,83,114,144,146,154
1,46,65,89,114,118,126,140,160,196
8,21,26,42,43,48,63,69,84,92,93,97,105,110,111,113,114,121,126,144,146
2,12,29,43,45,84,89,114,118,122,126,127,134,156
8,41,66,106,114,146
29,53,89,110,118,148
84,121
19,28,31,43,53,72,81,84,109,113,114,121,122,139,141,144,152,173
17,18,43,51,67,81,84,89,92,96,105,108,113,114,121,140
17,43,49,54,65,67,79,89,96,114,127,141
18,43,46,81,84,97,118,152
196
8,13,41,114,118,141
19,81,114,118,141
22,43,89,126
24,111,114,140,144
46,84,89,96,110,113,121,147,167,169,196
118
4,12,17,32,62,78,79,84,89,95,106,108,113,114,118,121,149,152,156
11,17,53,66,78,84,89,106,113,114,121,127,141
11,47,48,66,84,113,114,115,116,118,119,121,126,129,130,155
17,49,65,89,105,114,118,127
67,73,92,114,118,148,172
55,111,140,149,166,
81,89,114,122,123,141,149,152
8,13,33,48,114,118
8,26,28,42,43,75,84,93,106,110,111,113,114,117,121,126,138,140,146,149,173,189
36,46,65,84,96,107,109,113,121,126,164
8,13,
30,143
166
17,166
10,63,68,114,118,140,
30,48,106,110,159
81,96,109,118,119,173
45,53,67,75,88,89,118,157
22,27,35,45,49,77,81,82,88,93,102,105,107,112,113,114,117,127,138,157,161
73,166
9,19,166,171
29,75,146,173
9,29,89,114,140,173
1,11,17,38,55,106,112,114,141,143
8,41,42,43,68,78,80,88,113,114,141
8,13,24,42,109,114,161
9,43,60,79,93,114,118,142,146
8,66,114,118,144,149
28,31,45,47,66,79,81,105,106,112,114,144,154,167
2,11,35,36,57,68,80,89,93,107,110,113,114,140,145,146,149,185
21,26,32,33,39,43,84,88,89,95,96,107,109,113,119,121,134,154,159,197,198
12,43,48,79,84,93,110,111,112,113,114,119,121,141,148
17,24,35,57,71,88,89,109,112,114,118,140
65,96,106,114,140
11,29,36,65,89,110,114,118,119,154
18,29,36,52,73,79,84,113,114,121,145,156
146
1,11,24,89,114,118,171
53,69,71,89,107,112,114,119,131
114
84
75,78,84,93,109,112,113,114,115,116,121,128,141,152
6,17,29,32,43,52,54,59,80,92,107,113,114,118,121,122,149,168,173,182
43,55,114,140,149,164
8,13,28,43,68,75,108,114,117,118,143,157
8,13,19,35,41,43,66,84,111,113,114,121,126,173
2,72,114,156
11,17,18,23,26,43,48,52,74,79,88,90,93,108,110,113,114,118,126,151,156,
8,13,17,43,75,84,88,105,107,109,113,114,121,148,149,154,159,185
2,12,17,23,29,65,68,71,81,96,106,112,113,114,149,160
46,79
2,12,43,44,46,49,79,88,106,114,126,141,169,184
78,82,89,109,126,154
2,4,9,114,
202
12,36,39,43,45,48,54,57,78,81,89,106,107,108,113,114,118,126,149,152
185
8,10,13,114,126,156,171,202
8,13,38,41,56,92,106,114,202,203,
46,54,66,81,108,111,113,114,140,141
11,35,39,43,78,97,111,113,114,117,118,126,127,140,158
33,43,89,203
8,13,24,43,114,161
12,30,32,43,46,75,82,102,107,113,114,118,164
19,48,140,171
8,10,13,17,23,41,42,73,80,90,113,114,118,127,162
114,140,156,169
43,54,66,81,113,114,149,152
12,31,36,39,43,74,77,80,84,89,92,93,96,110,113,114,118,121,126,127,139,141,144,148,168,204
9,10,19,28,59,114
78,89,118,126,127
8,10,13
89,110,203
11,46,114,205
17,65,78,105,109,114,118,140,141
8,41,42,52,96,114,118,169,203
43,45,106,205
8,41,43,96,114,149,203
9,46,96,109,114,126,140,156,177
43,48,109,126,159
2,8,9,13,41,42,43,47,73,114,146
8,9,41,42,114,171,173
24,29,43,66,80,159
11,29,43,51,89,114,137,140,205
1,43,65,205
38,43,49,55,79,109,114,118,126,140
11,43,93,96,112,114,118,144,159,171
0,8,13,41,73,106,114,119
2,43,51,92,114,149,152,205
24,26,89,110,113,118,127,163
28,66,78,89,110
26,43,44,53,78,89,110,119,170,184,185
4,83,114,140,173
43,46,47,52,81,89,92,109,112,113,127,153
0,31,43,80,81,93,105,113,114,127,133,134,138,146,148,163,173,203,204
17,89,93,107,112,114,126,141,173
10,43,45,90,102,105,114,146,156,205,206
1,44,52,63,75,81,114,152,173
19,38,43,109,114,118,152,203
10,11,28,89,96,111,113,114,118,119,140
0,2,19,44,107,111,114,115,128,130,146,151,155,156
17,56,81,89,106,166
11,20,59,65,89,110,114,118
8,13,36,41,42,44,71,80,89,114,119,145,149,187,
8,18,41,114
8,11,13,20,43,63,106,110,113,114,177
20,23,35,43,46,49,54,74,84,88,89,95,105,113,114,117,121,126,133,134,142,167,168
12,52,65,114,152,153,173
18,32,39,43,44,65,73,80,81,84,89,92,99,110,114,117,119,126,133,134,146,176,204,
17,55,66,89,93,111,114,140,141
12,32,46,62,66,89,96,102,105,106,109,110,111,112,113,114,118,119,126,151,153,188,204,
57,89,93,108,112,114,127,140,145,164,206
8,13,41,45,55,106,109,114,127,140,171
10,19,20,28,60,89,95,102,111,112,114,141,151,203
146
195
17,28,119
55,77,114,140,144
88,89,114,118,140,156,169
43,89,157
43,118,140,148,157,171
19,75,108,114,126,140
1,9,10,48,78,114
89,111
9,10,43,114,117,118,126
48,66,79,89,110,113,118,126,149
127,140,143
8,13,41,79,114,126,151,171
11,18,27,66,78,83,92,114,118,127
35,43,55,59,67,88,95,102,113,114,118,144,146,156,170
66,119,203,205
1,11,39,62,106,114,118,127,141
43
17,49,112,114,126,144
51,63,140,145,156,202
17,114,140,173
12,26,57,63,82,114,149,166
8,13,114,148,202
28,29,43,63,75,81,89,96,105,106,107,112,113,114,118,171
9,43,93,189
17,89,111,140
114
43,69,110,118,203
18,43,44,52,72,111,114,118,126,191
6,36,46,49,51,57,62,89,113,118,152,153,154
31,43,67,77,92,114,152,169,206
1,2,11,43,119,146,171
8,24,41,44,114,202,205
9,36,49,66,114,118,146,
2,35,39,53,62,88,111,113,114,117,119,121,144,146,149,154,182
19,49,54,73,80,102,105,110,113,114,118,138,144,145,150,152
9,38,55,68,93,110,114,118,173
18,23,28,29,31,43,48,92,113,118,134,152,159,160
0,10,24,88,89,113,114,118
8,13,41,114,177
22,43,65,109,118,168,
11,12,21,28,31,36,43,89,96,97,113,114,115,116,118,119,128,130,134,142,151,153,154,157,158,185,201,
18,43,66,74,109,111,112,114,156
19,46,59,81,96,111,114,118,
19,55,68,89,96,102,111,126,144,154
17,43,55,65,88,89,96,111,141,152,159
29,39,53,81,82,110,118,171,203,207
2,114
1,43,89,97,118,126,157,165,170,
35,48,89
43,65,166
2,9,12,48,111,114,126
27,45,49,83,118,140
20,24,66,78,127
9,63,96,114,
11,36,43,46,51,66,78,89,96,113,114,118,137,151
11,19,82,83,93,108,114,127,139,185
12,29,114,123,148
12,48,67,93,106,112,113,114,138,140,173
8,13,63,79,106,107,114
65,140
0,2,5,8,10,13,32,33,41,42,43,45,54,81,84,91,105,107,113,114,115,116,117,119,128,129,130,141,146,155,160
56,118,140,151
18,32,43,62,74,89,92,97,110,113,114,118,141,143,152,161
19,20,52,67,109,112,114,173
114
81,93,108,113,114,127,137,139,140,144,161,165,185
12,24,43,84,89,105,109,156,157,205
12,114
11,17,55,89,114,140
43,46,53,89,118,153
9,19,89,114,173
1,24,44,46,93,114,118,151,154
10,21,37,43,53,107,108,112,113,114,117,118,148
8,41,42,96,109,111,113,114,117,118,119,138,149,
89,93,114,118,126,159
10,11,29,66,83,114,118
10,47,83,112,114,140,151
166
29,47,81,110,155
0,18,26,29,43,46,65,78,81,83,89,92,110,113,114,118,122,126,145,161,182,204,208
2,18,20,30,35,43,52,63,79,80,81,84,89,92,102,107,110,113,114,118,119,121,126,133,134,148
8,13,41,66,114,118
12,29,53,66,75,106,107,112,113,114,118,
10,18,45,49,51,92,106,109,111,112,114,126,154
2,12,17,18,63,69,88,89,102,106,113,114,118,126,156,169,171
12,19,28,31,40,43,63,77,89,95,113,114,118,140
8,13,17,38,43,49,105,106,114,115,116,140,148
0,1,30,36,43,47,64,67,68,75,88,89,96,110,114,115,129,151,158,171,185
11,38,74,89,96,114,119
12,39,48,52,72,78,96,107,110,113,114,118,126,127
8,9,13,19,33,48,75,113,114,118,152,169
208
24,96,110,112,113,114,118,119,126
10,114,152,186
10,44,66,114
46,81,189
12,69,77,82,114,118,140,144,153
8,11,13,42,114,118,156
2,36,50,51,77,78,84,93,145,153,173,
8,10,13,29,53,114
45,81,82,113,118,126,127,141
4,31,159,169
48,79,89,93,112,114,118,135,189,208
1,46,56,63,69,89,114,118,208
2,11,12,33,43,52,82,106,113,114,117,118,134,139,143,189
106,109,111,114,118,140
113,118
5,13,32,41,42,53,78,84,114,119,142,154,169,204
47,65,141,209
17
89,112,114,210
2,9,17,46,81,111,118,140,151
62,89,114,127,145,163
81,89,106
17,30,54,89,114,140,148
8,13,17,19,24,43,51,57,66,78,95,105,110,114,164,165,176,
80,89,118,126,145,209
2,10,19,33,43,77,78,113,114,118,144,156
204
8,13,42,43,114,144,172
10,12,96,114,119,
10,27,47,52
19,28,31,45,79,89,96,114,118,119,138,185
12,29,36,43,63,81,88,89,112,113,114,152,167
29,31,47,79,80,102,112,114,118,126,145
12,17,43,109,114,210,211
45,106,142,146
19,37,49,52,56,89,96,113,114,119,209
118
11,43,111,114,140
43,53,89,111,176,211,
19,44,112,114
2,43,48,67,78,88,110,112,113,114,118,208,
31,43,49,78,114,118,127,141,149
114,138,140,144,162,164
11,46,114,140,149,151
11,31,33,67,70,75,89,96,97,113,114,118,146,152,172,185,212
12,17,18,32,36,79,89,112,114,126,146,150,152
36,38,43,56,78,79,88,92,97,107,109,112,113,114,118,146,152
17,48,88,160
113,118
9,78,93,114,131,139,207
18,43,49,71,75,80,89,92,112,113,114,118
12,19,30,33,43,45,48,72,80,84,106,112,113,114,118,121,138,146,154,163,173
8,41,42,53,110,118,127,146,159
65,148,166
0,43,63,77,93,114,118,154,180,213
10,68,74,75,84,96,111,114,121,151,172,213
8,13,42,43,111,114,118,135,160,185,214
6,18,20,26,43,49,61,65,67,68,72,81,84,86,87,88,89,90,91,92,93,113,
8,13,19,30,41,42,43,54,65,75,106,107,111,113,114,118,119,140,149,173,209,215
6,18,20,26,43,49,51,61,65,67,68,72,84,86,87,88,89,90,91,92,93,113,114,118,133,134,
19,89,110,114
19,24,31,46,65,66,78,79,113,114,118,146,152,154,215
2,45,118,137,140,162
0,12,43,53,80,88,89,96,111,113,114,126,139,141,152,177,204,
27,39,92,166
28,43,49,56,72,77,78,149,161,168
11,18,46,48,114
12,18,54,113,114,
17,65,111,126,141
114,139,140,144
11,48,81,110,114,140,149,151
1,24,29,96,110,114,118,214
9,10,12,36,40,59,77,101,113,114,133,134,168
46,51,96,118,149
17,18,43,54,65,88,89,92,106,109,113,114,126,168,209
17,43,54,78,89,112,114,118,156
23,43,64,84,89,110,113,118,121,154,176
18,29,38,39,45,49,57,60,71,78,84,92,102,117,121,122,133,134,143,149,153,183
24,43,65,109,110,119,126
10,114
11,35,46,114,126,149,177
114
31,36,40,46,47,50,51,67,75,80,89,113,118,
43,46,48,81,118,140,154,170,
4,20,47,51,54,73,84,90,96,113,114,119,121,148,159
18,21,29,43,48,77,81,92,112,114,115,116,128,141,143,168
6,12,46,89,115,116,126,128,129,130,141,149,155
21,46,109,126,144
8,13,29,41,69,78,102,114,141,152,171
68,93,107,146,164,185,
38,43,118,126,168,
23,26,66,79,81,89,113,118,122,156
18,43,67,75,78,114,154
31,43,46,109,126,206
36,46,89,118,119,127,141,188
45,79,89,118,126,138
0,8,9,13,17,19,28,41,42,43,88,89,90,105,113,114,118,141,144,173
140,151,156
6,18,20,43,81,89,96,110,113,114,118,119,141,
12,29,55,89,106,109,114,145,154
109
17,28,29,43,52,55,63,89,93,109,113,114,140,141,146,151,152,160,191,
43,79,118,141,207,209
9,96,117,140
2,10,126
92,96,114,145,171
43,63
43,44,46,66,77,89,111,113,118,126,185,192
9,43,46,48,53,54,93,96,111,112,118,206
11,19,67,109,111,118,139
47,81
8,13,28,42,106,111,114,207
9,10,96,114,127,139,146,150,151
24,50,89,115,118,126
11,33,35,43,97,111,113,118,124
0,43,66,74,80,89,93,111,113,114,118,126,141,146,151,152,154
8,13,43,46,71,79,118
109
53,72,89,106,109,113,119,168
195
24,81,118,126,140,144
10,66,78,83,111,118,140,173
19,43,53,59,75,107,114,209
1,2,114,119,158,201,207
28,43,48,73,82,89,106,110,113,127,139,152,171,204
9,43,46,96,109,111,114
18,21,36,46,64,78,81,92,107,113,114,132,133,134,141,150,152,176,196,209
29,75,93,114,209
12,17,39,54,56,67,72,81,88,95,107,113,114,141,149,151,152,188
0,43,48,49,51,53,81,93,113,114,117,118,120,159,160,185,192
109,119,139,154,209
17,43,75,79,89,105,110,118,127
17,54,89,114,126,146,209
52,79,84,114,140,141
10,114
8,13,79,105,107,114,141
8,13,33,41,42,56,73,78,79,81,88,110,113,114,118,126,149
46,79,84,95,109,111,112,114
27,43,79,89,93,113,114,118,146,152,169
28,47,49,55,78,114,140,167,216
18,21,43,45,46,54,68,79,81,92,95,106,113,114,141,209
19,33,48,52,79,80,81,112,113,114,118,146,149,152,159
19,28,43,66,81,111,114,118,149,152
0,12,20,43,51,75,78,88,89,105,110,113,114,115,116,118,129,146,159,185,191
74,95,96,109,111
19,23,81,89,95,111,112,113,114,118,127,149,153,154,156
10,68,114,141,146,154
26,36,44,48,67,68,80,89,106,108,119,148,165,173,216
60,75,89,113,116,118,127,129,130,146,155,156,188
17,18,20,22,23,45,52,73,74,78,79,92,93,96,112,113,114,139,144,145,153,164
1,8,10,12,13,19,41,42,47,48,75,79,90,96,107,112,113,114,126,127,149
8,41,42,47,93,105,111,114,117
17,29,63,65,141
13
4,8,9,13,41,63,114,140
11,26,81,111,114,118,
18,31,36,43,52,78,89,92,99,126,133,161,167,
11,18,31,36,43,52,78,89,92,99,113,126,161,167,169
8,42,43,48,49,96,118,206
2,5,7,8,9,19,26,43,48,59,66,78,89,92,105,106,113,114,166
43,79,89,96,111,113,118,141
2,11,46,48,65,95,114,117,140
12,43,59,67,78,83,89,112,113,114,118
89,107,114,140,158
204
19,55,112,114,118,160
72,78,89,119,216
89
8,11,13,43,49,51,57,96,111,113,114,118,149,169
89,112,203
11,106,114,140,151,162,169
19,29,43,68,83,89,93,110,112,113,114,154,160,207
216
140,145,177
17,28,96,111,114,118,140,141,148
1,30,83,89,90,105,114,118,140
65,114,140,171
8,13,37,43,46,114,166,168
36,43,70,78,80,88,89,97,107
27,48,63,90,127
1,17,49,66,89,93,114,166
18,24,78,110,114,119,127,141
20,66,89
89,96,110,126,140,169
31,43,44,89,169
33,51,79,81,108,126
33,56,57,68,72,83,99,111,113,133,150,154
8,30,41,42,43,57,109,111,114,118,138,168
12,43,89,114,168
11,78,109,114
10,43,65,92,106,114,118,126
19,32,43,53,55,62,65,66,69,79,81,99,110,114,141,144,149,152
2,17,23,68,78,88,89,93,105,108,112,113,114,126,140,143,149,156,188
0,8,9,13,17,41,42,83,109,114
26,31,36,39,43,49,80,89,95,105,119,126,133,134,150,167,168
166
18,27,28,36,66,78,89,92,105,106,114,148,150,196,207,
6,17,18,36,43,49,62,67,72,79,81,84,86,87,88,90,91,92,93,113,118,127,133,134,
18,26,31,35,38,43,52,79,89,92,99,110,113,114,118,133,134,140,150,151,154,168
1,11,12,26,47,63,73,79,89,110,113,114,118,141,146,149
146,
11,18,28,37,47,52,57,72,73,89,92,113,114,126,134,173,
8,13,41,42,46,51,90,105,109,110,112,114,139,152,207,209
17,18,43,54,65,74,92,111,112,113,114,118,126
17,38,43,48,68,72,80,84,89,102,105,106,113,114,121,127,144,152
2,9,29,106,114,140
53,60,65,109,111
47,106
17,93,114,140,144
140
8,41,46,68,112,141,167
49,89,118
69,89
17,65,78,114,140
43,111,140,196
2,12,17,24,45,96,107,114,140,160,209
11,38,43,107
10,28,47,81,113,114,115,118,128,133,138,141,150
40,72,93,105,109,114,118,140,159,160,162,167
9,24,43,49,77,93,110,114,118,133,134
10,11,114,126
18,31,43,44,71,79,81,89,92,97,106,108,112,113,114,134,144,160
17,65,106,109,110,123,140,141
18,66,92,114,118,149
8,11,13,17,46,114,118,141
43,89,95,105,109,114,140,162
23,39,40,45,54,63,67,72,74,78,83,95,110,114,126,209
68,93,110,114,140,141,148
12,17,19,45,51,68,99,106,109,113,114,119,141,156
11,26,114,138,156,161,173
0,43,56,96,105,113,114,118,140,161,209
0,11,20,83,93,111,113,114,126,141,185
4,8,9,13,110,160
0,2,17,19,43,81,88,89,107,113,114,126,149
8,13,44,45,46,51,52,68,74,90,97,113,114,118,139,144,161,176,188
11,20,23,43,48,54,63,81,105,106,107,108,113,114,118,140,153,162
11,17,19,22,29,31,33,39,64,78,81,113,114,118,119,126,137,141,145,168,171,184
8,13,17,41,114,119,126,209
23,26,109,152,177
10,28,33,42,53,107,112,114,118
10,81,83,89,114,126,141,169
2,10,46,48,88,118,140,
2,33,50,74,102,114,159,210
17,27,49,63,88,102,114,140
2,19,52,111,114,123,140,148
0,8,13,17,41,42,43,63,95,96,106,113,114,118,126,144,154,
11,43,54,64,65,67,78,89,96,105,108,110,113,114,115,116,126,128,129,130,138,140,148,155,159,167,171,204
8,17,33,41,43,45,54,57,62,73,81,84,105,106,113,114,115,116,118,127,129,141,167,169
8,13,38,49,65,81,105,106,114,115,116,140,149
11,43,44,54,65,81,105,110,114
12,23,28,55,75,81,93,99,102,106,110,113,114,126,171,204
24,29,49,54,89,114,118,140,146,181
10,84,96,113,114,121,145
52,114,126,140
48,106,114,127,140,161
9,113,166
12,43,51,78,96,109,114,144
55,65,77,109,140,164
28,43,83,109,112,114,118,149,152,160
1,17,19,43,45,54,59,78,93,106,107,113,114,118,127,141,149,158,173
51,75,78,102,106,112,113,114,149,153,161
6,29,43,71,80,84,88,92,93,97,102,109,113,114,118,121,133,134,173
109
8,13,43,114
2
11,43,89,114,118,140,146
63,166,181
114,118,140,164
17,83,126,140,145
10,43,44,48,51,62,78,92,113,114
46,51,81,89,118,144,149,156
2,20,46,114,159
11,26,71,93,96,114,119,145,157,176
62,114,140,149
8,13,41,73,78,88,108,112,114,118
17,20,106,118,140,217
2,8,13,28,47,55,66,114,149,207
9,27,81,112,114,118,126,167,197,214,217
75,110,118,160,214,218,219
39,79,89,96,97,118,158,208,
127,177,186,218
0,38,43,105,107,110,114,141
38,48,79,126
8,19,41,88,97,114
17,30,37,43,51,65,82,106,113,117,118,151,178,213
17,43,45,46,48,54,89,108,109,113,126,152,195,213
29,65,110,114,118,140,151,220
35,48,53,109
2,9,93,111,114
18,37,43,75,77,81,89,92,96,111,113,114,118,138,139,154,
2,8,13,32,42,43,52,54,79,88,108,114,126,148,169,219
8,13,42,57,63,93,106,110,113,114,116,118,127,130,131,141,148,149,155
10,114,126,138,207
2,39,48,51,54,65,81,89,102,105,107,109,113,114,118,126
17,19,46,89,114,118,141,173
19,37,43,47,89,105,113,114,117,118,127,140,141
18,36,43,46,78,88,89,92,109,113,114,118,149,161
11,18,65,78,114,115,128,129,130,156,207,
8,13,42,43,61,82,107,114,118,121,161,173
8,13,39,42,43,48,65,88,105,106,114,127,148,152,160
113
43,51,82,89,93,105,106,111,112,114,118,126,140,149
72,79,128,130,152,171,173
1,2,4,17,26,43,47,69,72,93,113,114,118,133,134,149,152,156
11,24,78,114,152,163
18,24,28,37,88,106,112,114,126,141,152,154,220
146
17,31,59,82,109,113,126,141,145,156
12,46
146,221
17,43,50,66,102,111,114,118
10,66,114,151
78,81,89,144,169,206
48,65,114,140,151
2,10,19,79,89,93,112,114,117
2,8,13,111,114,118,149,170,
23,29,114,140,149
0,19,32,46,79,96,114,141,171
4,8,13,22,26,31,41,42,57,71,73,106,113,114,118,159,176,214
43,66,80,89,93,106,110,112,113,127,141,152,160
10,43,48,81,89,110,111,113,114,115,127,128,129,155
17,29,31,36,38,43,57,66,78,80,81,89,93,106,110,111,112,127,141,152,160
1,75,109,141,205,214
31,81,118,119,
66,124,153,173
4,46,55,75
11,28,43,79,88,89,96,97,107,113,114,115,116,118,128,129,130,143,155,161,169
12,28,32,53,55,64,106,112,113,114,118,140,152
19,20,24,43,44,66,80,81,82,89,107,108,112,113,118,126,133,134,150,173
2,17,108,114,141,161
8,13,41,53,111,114,156
9,19,68,114,159
18,29,31,48,65,68,84,89,92,106,108,111,113,114,121,149
17,46,48,112,114,139
75,93,144
24,39,43,46,78,89,92,114,118,143,144,222
57,75,83,89,152,172,206
18,24,75,77,89,108,111,114,152
52,77,78,88,106,109,113,118,145,152,159
2,19,49,66,84,93,107,113,114,116,118,121,151
10,11,17,35,39,54,56,57,65,110,113,114,118,126,141,144
8,22,26,31,41,72,81,106,111,114,126
8,13,17,37,43,57,63,109,110,112,113,114,118,119,141,176
8,11,13,41,42,45,114,
17,19,43,53,72,79,111,113,114,146
4,35,43,54,81,108,114,126,139,141,143
19,31,43,49,51,54,63,65,75,89,92,96,112,113,114,118,126,141,144,152,154,161
8,13,29,41,75,78,88,114,152,189
1,36,51,79,89,111,112,114,153,164
11
10,17,25,37,45,54,65,84,96,113,114,141,146,149,152,160,164
8,28,41,43,75,83,114,189
12,17,38,51,65,68,106,153,173
2,9,46,89,111,114
109
12,17,27,43,52,78,82,114,118,134,138
65,166
17,49,65,166
56,148,166
2,9,55,75,114,140
4,43,83,140
9,10,114
18,43,48,66,71,92,99,114,118,139,171,204,222
2,11,24,75,96,114,118,139,150,186
12,31,45,54,57,78,93,111,112,114,188
2,24,43,118,140,169
111,140,156,161,181
17,29,43,51,55,66,83,89,109,113,118,138,152,162,
43
9,48,114,118,140,156,166
10,63,68,114,140
166
10,17,89,114,118,141,146
8,10,11,13,41,43,45,88,111,113,114,144,172
12,17,43,49,53,54,78,84,106,111,113,114,121,134,141,152,169
17,22,65,109,
11,46,63,72,89,114,156
4,75,114,126,149
0,18,19,20,32,45,63,81,83,88,89,92,96,105,106,110,113,114,126,141,189,
43,77,89,113,127,141
10,11,49,68,82,95,110,114,118,177
17,114,140,156
5,13,28,35,41,43,82,89,107,110,113
1,17,46,48,69,92,135
19,43,78,80,81,82,89,109,110,112,114,134,140,181
55,108,114,140,
17,43,48,57,89,93,106,113,114,118,126,140,143
47,66,140,156,181
114
43,50,51,66,89,135,141,148,173,223,
17,43,49,54,75,78,108,112,114,126,134,148,
72,89,152,207,
113
1,6,11,43,49,63,65,68,78,79,80,89,99,110,113,118,126,127,144,158,178,190
8,10,13,41,106,110,114,140,141,161,171,206
10,11,43,48,67,75,114,
10,28,55,111,113,114,118,126,138,140,156,169,173
73,79,89,114,118,140,164
1,52,89,119
31,159
4,31,43,97,110,114,119,126,133,134,181,206
0,19,29,69,74,109,113,114,118,130,138,139,155,160,173
11,18,48,114,156
43,68,75,144
0,20,24,43,67,89,93,107,113,119,159
24,47,75,119,140,172,189
31,38,43,92,114
43,44,89,118,152
1,10,89,95,114,118,119,126
29,46,47,89,112,114,126,144,149
1,18,46,56,93,105,106,114,118,166
55,131,166
8,114
46,55,89,114,140,166,186
114,140,162,206
23,107,108,118,140,144,146,149,189
46,50,71,89,106,107,112,113,114,160,171
1,114,119
19,44,63,65,69,96,107,112,114,122,127,139,168
35,46,54,81,106,112,113,114,126,171
113,118
10,46,106,114
89,115,116,119,130,156
1,45,50,59,82,114,118,207
1,28,45,90,106,114
0,9,12,53,78,80,90,106,113,114,145,146,
118
0,2,56,75,93,106,119
10,48,65,78,79,89,93,96,113,114,119,133,134,172
43,83,106,110,189,210
43,89,96
8,12,13,41,42,45,49,112,114,118,143,159
8,42,47,65,68,114
33,114,119,127,140,149,156
17,47,59,63,81,106,109,113,114,118,140
12,19,38,43,48,56,77,79,89,93,97,108,113,114,118,127,152,204
2,19,31,43,53,82,114,118,123,134,152,173
10,11,26,32,43,45,54,56,65,89,95,105,107,108,112,113,114,118,140,148
10,112,114
8,22,41,42,43,107,108,163
8,28,41,44,55,114,118,140
68,106,140
8,13,19,30,41,42,43,68,78,110,118
10,33,59,78,89,97,110,113,114,171,172
5,41,42,43,83,114,122,126,189
11,29,79,131,156
8,13,41,43
75,93,96,106,114
8,20,35,41,88,107,113,118,150
43,46,52,54,65,66,114,118,140,168,173
9,65,114,127,209
2,27,43,63,89,112,114
17,19,72,81,114,118,140,164
8,11,13,24,29,54,114,209
28,118,138,140,156,177,186,189,
45,88,89,171,186
17,18,28,49,67,78,88,89,92,95,96,106,107,109,111,114,118,127,133,134,140,156,169,186
8,13,33,41,81,107,114,118,126,183
2,6,9,21,43,59,93,110,111,113,114,118,139,141,150,151
18,26,30,38,43,52,57,74,80,81,82,84,88,92,105,107,110,113,114,117,118,121,125,126,133,134,152,176,212
8,9,10,13,38,42,43,54,57,81,107,110,113,114,122,126,148,163,185
10,29,37,43,47,79,89,113,114,118,150
1,2,10,20,73,81,93,114,141,156,159
48,49,126,149,209
22,53,89,139,141
65,93,111,114,140
166
63,75,93,114,131,144,146,207
9,17,45,89,112,114,118,161
2,21,43,45,54,55,83,93,113,114,118,127,204
0,19,43,48,63,96,102,106,107,114,119,149,159,170,189,201
17,29,72,81,89,106,112,113,114,118,138,149,153,177
47,48,92,106,109,173
36,68,77,80,81,89,107,110,119,145,149,165,185
114,140,141,162
28,68,109,140,153
28,43,51,54,75,89,93,152,168,189
8,13,20,43,66,72,82,93,105,107,110,112,113,114,115,116,118,126,129,133,134,141,146,149,151,152,160
11,19,31,43,44,45,67,70,110,114,118,
5,8,13,24,41,42,43,105,110,113,114,118,119,127,152,167,168
1,10,12,47,48,49,67,92,93,106,114,160
29,30,106,110,111,113,118,126,127,133,134,145,169,173
12,17,43,52,106,109,112,114,126,144,197
19,20,29,36,63,65,82,89,93,113,114,118,127,140,141,151,156,173,181
79,89,110,112,114,119,126,150
93,114
93,114,189
55,106,166,
19,46,59,111,114,118,189
46,81,140,141,151
26,29,43,68,93,114,157,163
2,48,71,112,114,126,140,144
20,45,89,111,118,153
8,13,41,114,118,128,155,167
9,10,11,17,43,55,73,89,96,118,140,143,148
8,18,23,41,47,59,81,88,92,96,97,102,108,113,114,118,150,159,161,169
19,20,35,49,78,80,93,106,110,113,114,118,145,159,160
43,51,67,89,113,118,143,146,149,156,160,173,196
12,17,19,29,43,66,72,113,114,127,149,152
29,43,51,82,97,109,127,140,141
2,8,11,41,114,127
39,52,77,78,81,106,113,118,141,159,209
114,140,141,181
9,24,49,89,114,118,127,164
2,9,17,106,114,140
0,8,13,23,41,96,110,111,114,119,145
12,33,52,59,89,113,114,118,149,154
8,24,41,51,81,118,127
43,46,57,69,107,110,127,183,189
28,55,63,114,140
11,22,33,48,66,71,113,114,116,126,128,140,141,155,171
12,49,51,54,65,81,105,107,113,114,118,133,141,150,153
8,11,19,41,92,114,151
8,9,10,19,41,42,67,96,114,209
43,44,89,96,113,118,126,141,153
1,17,19,43,48,53,54,59,77,89,105,113,114,140,141
10,12,48,114,146
8,13,41,42,53,62,75,78,97,112,113,114,118,141,150
23,43,48,56,63,72,74,76,79,83,84,88,89,90,93,95,113,114,121,126,127,133,134,213
48,72,108,112,114,138,140,141,144,209
0,9,10,18,20,32,38,43,65,78,79,84,89,92,96,99,111,113,114,118,121,127,133,134,144,146,189,213
2,11,20,24,48,114,140,152
17,18,28,36,43,49,92,112,113,114,140,149,152,156
18,28,89,114,118,119,134,166,173
9,12,83,106,114,
92,105,114,140,145
11,106,108,114,139,140,152
8,9,13,18,42,67,110,111,114,159,206
2,12,112,114,166
2,11,89,106,114,149
43,66,83,96,118,140,149,173
106,140
9,43,62,114,117,118,141,166
31,43,114,140,162
121
166
12,19,32,40,45,47,49,54,62,72,73,74,83,84,105,112,113,114,118,121,126,149
1,78,93,107,112,114,119,126,141,171
8,9,13,42,49,57,75,79,102,110,114,122,204
17,65,68,93,95,113,114,126,140,141,145
19,20,43,48,52,66,72,81,84,89,111,112,113,114,121,126,127,133,134,138,
0,4,35,53,56,67,68,79,80,81,90,93,110,113,114,115,116,118,129,132,133,134,139,143
8,13,67,73,114,126,138,160
9,114
11,114,118
19,45,54,84,90,107,113,114,141,152
10,82,89,118,126,141
8,13,42,74,77,114,126,140,149,164,210
8,13,36,38,48,62,78,79,81,97,109,110,113,114,118,126,134,159,182,189,204
19,31,51,89,105,108,113,114,118,138,145,152,169,196
17,55,65,81,105,112,113,114,118,145,151,162
31,44,67,81,112,152,173,189
28,79
10,18,28,114,166
17,89,118,140,151
12,46,48,75,106,108,112,114
2,46,75,114,131,140,163
93,109,114,140,144,145,151,173
17,82,109,112,114,140,153
29,105,114,140,148,149
0,8,13,19,41,42,43,44,59,114,118,209
45,151,167
8,9,13,44,53,55,114,200
8,11,29,41,42,46,112,114,141,151
9,19,114,171
11,43,50,74,99,161,172
8,13,33,41,54,63,114,126,131,141,159
10,17,89,108,114,141
12,28,43,46,51,53,68,78,80,81,84,89,92,97,102,106,109,112,113,114,118,135,137,154,196
9,10,43,45,47,114,119,126
12,75,82,110,113,114,116,119,133,134,155,173
2,8,9,13,31,41,114,161
9,31,46,89,113,114,115,116,127,130,134,145,154
17,51,65,77,93,96,106,112,113,114,118,156
65
8,13,17,23,29,41,43,89,97,114,141,159
28,75,93,114,119
6,12,21,43,45,49,54,79,89,97,105,114,119
1,11,33,43,44,73,84,88,89,96,113,114,117,151,154,162,185,
0,5,11,31,43,75,80,126,153
17,47,78,110,112,114,118,146,152
8,13,17,28,41,42,43,53,60,66,82,106,107,110,111,113,114,118,141,148,152
19,75,109,110,119,151,164,207,
65,166
66,140,159
1,5,8,10,41,114,118,173
46,75,140,173,177
10,29,46,48,114
19,45,79,82,112,113,114,141,171,191,
6,21,37,49,62,68,74,79,89,94,96,97,98,99,101,102,103,113,114,118,189,
6,21,37,49,62,68,74,79,89,94,96,97,98,99,101,102,103,113,114,118,121,189,
17,19,78,81,110,112,114,118,127,152,206
17,26,66,78,113,114,118,140,151,156
12,19,65,106,109,112,113,114,118,140,141,146,164
57,93,112,114,118,138,173,196
162,166,
2,8,9,13,43,46,88,114,171,177
67,75,140,164,224
92,114,140,144,166
140,151,162
9,45,46,73,93,114
43,66,140
44,89,90,96,140
43,81,83,109,111,112,114,118
106,114,140,151,181
2,12,17,43,66,96,107,108,114,119,127,153,167
8,13,41,114,118,119,189
43,46,59,113,118,119,151,164,185
48,92,93,106,114
96
81,118,131,140,153,158
17,63,89,114,140,
36,68,96,109,112,114,117,141,152
11,12,31,45,57,63,83,113,114,118,139
10,17,18,43,106,107,113,114,127,138,152,156
28,55,89,156
1,10,40,44,48,52,54,113,114,118,126,153,170,176
4,18,43,45,89,96,105,107,113,114,133,134,138,141,153,159
57,78,79,80,89,97,110,112,113,114,118,140,208
89,144,149
18,66,106,111,114,118,144,146
8,13,24,42,69,77,96,114
23,29,79,89,109,118,164,171
109
5,8,13,42,73,75,89,113,114,118,126,144,149
12,36,75,84,92,111,114,139,146,148,173
63,78,140,156,166,173
11,73,114,118,140,144,164
1,10,114,118,126,139
53,63,107,113,118,141,145,148,171,173
1,10,11,43,78,89,114,118,126
48,105,106,114,139,140,166
8,41,75,79,81,114,140,151
78,92,96,102,114,118,141,148,169,206
24,43,51,96,177
17,38,43,63,105,114,118,140,153
106,114,140,153
8,13,41,46,52,56,107,114,169
225,226
46,63,106,137,140
6,17,43,47,96,106,113,118,160,227
35,48,115,116,128,129,130,133,152,155,227
65,112,114,126,140
8,13,41,53,66,97,105,113,114,160,191,215
166
13,19,35,47,61,68,79,89,93,102,110,113,114,119,146,149,204,228
1,38,43,67,89,110,114,138,140,206
48,69,206,228
20,36,43,53,75,78,81,89,93,110,112,113,114,211,225,226
4,6,12,107,114
65,156,173
46,79,89,109,133,134,149,152,185,211
11,43,63,79,114,140,146,215
45,126,177,225
170
43,48,79,92,96,106,110,114,152,225,226
10,29,63,89,114,162
18,30,43,56,57,92,113,114,118,140,141,214
5,29,47,48,75,114,122,172
43,48,75,84,102,112,117,119,121,173,185,225
20,43,48,78,81,109,113,118
30,44,55,93,107,110,112,113,114,118,126,146,159,195,199,211,213,221,225,228,229,230
109
10,29,43,48,89,105,110,113,114,118,153
43,224
1,140,171,211
10,66,114,
8,41,43,88,144
7,11,19,114,117,118,140,149,153,206,225
17,48,106,111,114,140
8,13,41,43,47,72,73,110,114,206,228
45,51,63,89,106,113,118,145,230
46,55,80,81,89,113,114,116,140,155,204
10,33,48,75,89,114,127,225
12,43,74,77,80,113,114,143,204,211
11,39,108,114,149,
0,8,13,20,43,47,78,89,113,114,118,152,158,173,213
12,17,108,112,118,220,
24,92,96,206,218
51,65,106,126,146
46,47,118,140,145
55,114,140,156
1,17,31,36,43,48,54,57,79,97,108,113,114,115,116,118,128,129,130,149,155,173,213,226
1,11,63,109,114,145
47,65,106,114,118,140,206
17,46,48,89,113,118,126,160,162
28,45,80,89,106,112,114,118,146,177,206
9,10,89,114,230
45,48,79,146,152,173
74,75,138
10,11,28,36,43,49,54,77,79,88,89,97,113,114,118,133,134,161,
18,28,66,78,81,89,92,113,114,160
43,102,106,107,112,114,146,156,206,225
19,35,43,78,79,92,102,108,111,112,113,114,133,134,169,204,227
53,112,114,118,126,148,159,172,206,215,218
52,124,140,149,225
65,112,140,141,156,162
0,19,43,81,89,97,110,113,114,118,144,157,159,160,176,225
0,19,44,47,60,88,110,114,118,144,148,201,
55,140,164
47,112,128,145,229
10,11,29,43,65,107,111,112,113,114,126,152,154,213,225,231
1,19,28,29,31,43,48,52,80,106,113,114,115,116,118,128,144,146,152,153,160,208,225,
0,68,77,89,96,114,151
33,43,44,63,112,114,140,
35,46,68,96,102,109,112,114,154
5,8,13,30,31,41,51,68,89,112,114,139,141,150,225,231
43,70,75,89,113,118,133,134,138,141,146,
48,111,112,114,140,206,210,213
20,46,65,80,109,145
10,19,39,78,89,211,215,223
11,48,114,118,140,214,228,229
8,13,17,42,43,49,93,114,140,149,215
46,48,151,197
28,65,92,106,114,140
23,29,43,63,65,77,78,79,80,81,84,89,169,171,209,227,230,232
8,10,13,42,43,47,112,118
63,181
0,12,24,43,89,96,102,114,124,229
12,48,73,96,114,206
23,75,152,228
35,36,43,47,54,68,81,82,90,96,105,113,114,125,126,133,134,138,140,213,227
74,140,225
10,31,47,73,81,89,112,114,218
8,13,24,48,53,68,92,114,211,226
113
88,105,109,118,119,153,185,220
24,102,111,114,115,130,140,144,231
73,107,114,138,140,159
93,106,127,141,146,227
35,43,52,57,72,110,206,230,231
24,35,66,109
65,114,140,164,166
18,20,38,39,43,45,51,67,72,74,77,78,79,81,84,90,91,92,113,214,220,233,
18,23,29,43,63,65,77,78,79,80,81,84,89,113,134,169,171,185,209,227,230,232,
8,13,39,41,114,214
11,32,48,49,118,
17,39,45,54,97,127,152,227
17,81,112,114,118,144,211,231
8,13,40,42,48,75,114,126,225,228
89,140,171,225
2,12,17,51,88,89,114,119,149
171
17,28,36,39,97,107,109,110,111,113,126,148,149,151,213,215,228,231
2,19,26,29,32,43,75,89,102,112,113,114,126,225
8,13,24,46,105,118,173
0,19,39,46,48,80,89,113,114,152,160,173,230
114,140,141,163
10,12,19,31,32,43,47,49,54,68,78,81,92,106,110,112,113,114,127,133,134,148,224,225,226,228,230
43,65,89,106,112,114,141
18,24,26,31,43,78,80,83,84,88,89,106,113,114,118,146,152,169
1,11,27,48,68,78,110,113,114,173,211,228
75,206,213,218,228
18,23,43,45,68,71,89,96,108,113,114,118,126,133,134,160,213,220
50,60,93,112,114,141,214,215,226
24,28,111,112,114,145,154,206,211
0,19,28,65,75,78,114,126,133,134,173
1,126,149,225,226
8,9,13,42,46,47,77,112,114,119,145,154
9,12,17,80,84,89,105,110,112,113,114,115,116,121,126,128,129,144,145,213
9,89,114,197,214
1,8,41,44,55,114,140
43,71,116,118,128,129,130,155,170,206,219
19,83,112,231
8,11,13,42,48,114,126,151,186,210
21,49,89,97,110,113,119,143,213,218,227,229
170
6,18,20,26,43,49,51,61,65,67,68,72,84,86,87,88,89,90,91,92,93,113,114,121,133,134,176,182,197,
17,20,28,75,79,89,93,96,106,111,114,118,134,141,145,215
165
11,102,114
24,81,114,126,140
8,13,30,43,63,75,80,110,113,114,173,227
11,79,89,110,114,181,207,209,231
1,12,48,93,106,109,114,126,215
17,27,43,45,54,63,95,113,114,152,208,214
17,43,48,84,121,143
11,114,138,166,211
166
10,17,29,36,43,81,84,106,113,114,118,121,140,141,162
1,2,10,11,12,43,51,70,79,88,89,96,105,107,113,114,118,148,149,160
12,78,80,114,128,129,153,206
6,21,49,68,79,89,94,95,96,97,98,99,100,101,102,103,213,
6,21,49,68,79,89,94,95,96,97,98,99,100,101,102,103,113,114,121,134,213,
1,39,43,47,65,114,118,140,151,158,181,209
2,10,12,17,38,47,89,113,114,140,144,156,227,230
106,109,114,140,151,153,175
8,13,17,39,41,43,48,78,114,118,127,149,152,226
47,109,114,118,126,140,145
17
0,43,44,48,99,102,111,113,114,204,218
2,17,20,26,35,55,68,80,89,102,106,108,113,114,118,134,164,177
1,10,12,19,28,43,48,57,82,83,89,93,96,112,113,114,118,140,151,153,204
24,48,57,141,161,173
144
0,2,19,78,79,89,93,110,113,114,118,122,126,145,225
8,13,41,46,63,105,112,114,188,230
17,140,162,211
17,18,43,72,89,92,96,113,114,118,127,141,149,152,156,186,213,234
8,41,166,226
0,31,43,56,72,80,88,95,110,113,118,133,134,153,176,229,
2,49,51,89,114,118,126,169,215,230
17,46,47,109,115,116,129,155,229
47,89,96,140,146
49,169,177,230
43,67,93,111,114,156
45,115,127,128,129,146,149,177,206
42,88,89,110,114,144
17,89,96,118,141
19,53,66,80,114,118,141,145,218
26,29,43,89,163,211
89,108,109,111,114,138,140,171,218
11,105,106,127,143,226
113
18,20,29,43,44,47,89,92,110,114,118,122
12,17,46,74,96,107,114,118,127,151,158,177,225,228
24,89,111,126,140
114
65,89,106,126
19,29,55,75,93,114
89,159,213,228
17,26,28,38,43,45,51,53,89,106,113,114,116,118,128,130,140,141,146,149,152,164,204,
56,68,79,102,114,140,154,171
8,10,13,35,43,44,65,80,83,84,111,113,114,144,152
18,43,48,49,63,72,81,82,92,110,114,118,146,226,235
26,29,56,89,112,113,114,149,154,225,
12,43,44,47,89,96,112,114,118,149,228
18,43,45,53,65,92,111,114,118,127,227,230
19,24,39,89,95,111,146,152
166
29,65,140,141,162
2,12,65,71,84,89,109,112,114,118,121,161,
81,160,214,215
12,43,84,96,105,109,110,114,127,141,152,
43,88,111,114,119,126,133,134,140,206
2,9,48,114
12,19,46,67,112,114,119,122,138,225
43,65,93,110,111,112,114,160
10,79,96,114,140,189
1,19,23,89,93,114,144
1,10,43,61,89,114,126,229
10,25,52,89,92,107,114,225,229
6,18,20,26,28,43,49,67,68,72,84,86,87,88,89,90,91,92,93,95,114,118,121,127,133,134,226,233
23,37,43,92,93,97,110,112,114,126,140,181,226,
17,78,96,107,112,114,140,141,148,156,213
12,48,110,112,114,118,
43,106,114,140
55,110,112,114,117,173
10,43,65,77,89,108,113,114,141,152,154,213,220
29,31,43,46,57,78,88,113,118,143,150,152,189,
8,13,67,75,114,158
11,28,43,108,114,220
0,19,31,43,45,47,49,53,63,67,79,84,88,89,93,113,114,115,116,118,128,129,130,155,204
45,49,50,63,182
8,13,41,71,110,161,209,220
10,54,114
109
29,48,83,89,118,133,134,149,157
43,47,68,83,88,89,113,118,229
12,17,19,30,43,55,66,68,89,113,114,126,141,154,197
17,23,43,65,71,93,105,106,107,110,112,141,209,211,220
1,36,43,65,75,96,110,113,114,118,172,218
47,67,72,81,84,90,108,113,118,119,121,145,151,152,153,156,170,214,215,226,230
8,13,17,29,41,43,52,106,109,113,114,133,134,140,141,144,218
28,65,78,109,112,114,133,134,227,230
47,114,140,181
1,109,114
43,45,48,49,78,79,89,112,113,114,118,140,152,226,228
19,26,43,89,95,109,114,118,177,231
20,29,63,89,110,134,227
11,12,43,48,65,72,78,79,89,106,113,114,140,141,156,161,204,211,220,225,231
18,43,51,63,74,92,95,105,106,109,111,113,114,124,126,133,134,152,160,231
11,17,29,43,61,114,149,152
19,43,45,46,66,106,110,113,114,115,116,118,128,129,130,140,152,153,155,204
19,53,112,114,188
36,51,89,112,126,143,231,236
2,44,93,112,114,
114,119,140,149,164
43,55,93,114,124,229
10
1,10,84,114,121,141
10,46,93,119,169,177
27,140,152
32,43,56,78,88,89,92,113,114,118,170,213,220,228,230
19,44,66,79,82,102,111,112,113,114,115,126,129,133,134,146,155,159
19,93,114,
4,43,114,140
1,48,93,114,126
43,95,97,105,113,118,119,144,164,226,229
17,89,114,140,141,156
0,12,35,36,43,65,89,113,114,119,126,204,225,226,229
6,10,17,43,78,97,106,114,118,140
8,39,42,109,110,113,114,118,145,159,225,231
8,13,31,41,43,114,149,225
9,28,43,63,109,186,211
172
0,8,28,41,78,93,114,173
1,8,41,42,229
43,48,71,93,112,114,162,169
38,43,47,53,54,55,72,89,106,113,114,118,119,126,133,134,149,164,226
11,20,31,47,71,79,95,113,114,116,118,129,133,134,144,145,150,155,211,231
11,17,31,43,55,81,110,111,112,113,114
8,12,13,19,28,30,42,75,82,110,113,114,115,126,128,130,133,134,145,155,176
114
0,57,82,89,122,126,149
1,30,45,68,88,89,113,114,126,140,141,173,229
113,118
11,19,28,52,84,89,93,96,111,114,141,148,177,182,215
10,82,96,140,145
24,112,114,118,126,152,206,215,225
56,105,140,166,213,224,225
8,13
46,140,162,166
43,66,89,126,156
140,215,220
10,43,106,109,114,115,140,155
32,47,93,112,114,149,225
63,75,109,162
10,11,20,49,96,105,107,113,114,118,213,218,229
17,48,63,81,112,113,114,127,141,151
46,71,97,113,118,145,146,211,227
12,36,56,78,96,97,112,113,114,133,134,204,213
47,65,140
72,74,79,96,106,141,166,224
43,181,224
19,29,48,75,114,146
8,17,42,88,105,106,112,114,145,161
10,31,43,82,106,108,114,140
55
1,48,108,114,152,166,
8,13,114,119
11,114
28,68,106,141
8,13,41,43,46,80,114,171
63,89,149
17,48,78,89,93,106,112,113,114,115,117,118,130,143,149,155,161,228
19,57,106,112,113,114,118,126,144,204,213,227
11,12,27,63,114,145,149,169
46,82,88,118,119,141,145
19,43,47,106,112,113,114,150,161,164,197,225
63,78,89,114,140,152,231
43,55
12,47,84,112,113,114,118,119,126,159,227,228
189
12,26,37,65,81,82,112,114,126,133,134,145,152,206
8,13,29,41,42,112,113,114,118,141,146,149,214,215,226
10,29,43,48,52,78,113,114,118,134,144,189,225,229
8,13,18,41,43,92,99,111,114,118,177,211
0,21,28,29,48,63,83,89,110,113,118,146,229
0,8,9,13,43,65,66,75,84,93,96,110,113,114,116,118,119,128,129,134,204,225,227,228,229
17,29,43,45,54,65,79,81,95,106,109,113,114,116,127,129,141,154,225,226
109,
1,28,39,43,45,48,81,84,113,114,115,116,118,129,130,137,170,189,191,208,
2,19,102,114,127,171
47,75,80,89,96,118,119,213,218,228
114,140,145
23,28,36,43,45,93,105,110,112,113,114,118,144,148,161,220
12,51,106,112,114,126,225
2,10,28
48,166,231
17,166,
19,43,112,114,126,149
1,10,55,114,126,156,160
55,111,152,181
17,23,39,43,51,70,73,78,80,89,109,113,227,229
17,140,141,220
26,43,47,78,80,81,84,97,112,113,114,118,215,225
46,108,118,126,134,206,220,225
36,48,65,112,114
10,20,89,114,118,152
29,84,89,110,115,116,129,206,228
28,65,89,106,118,152
9,24,78,109,220
9,19,20,24,43,71,93,112,114,117,118,133,134
43
20,50,52,54,65,79,89,97,112,113,114,118,133,134,152,165,170,218,229
11,35,78,80,93,97,113,114,118,126,141,156
0,8,13,17,20,43,45,46,77,96,108,113,114,118,137,150,154,185,207,220,225,237
114,121
19,31,43,72,74,78,109,112,113,114,118,227
0,36,43,46,71,81,89,93,109,110,114,127,154,218
11,20,28,66,89,111,113,114,118,126,145,220
12,43,55,107,109,114,126,173
109
53,55,126,140,171,213
18,28,89,92,111,114,119,134,152
0,12,46,96,107,114,119,146,154,218
207,
17,89,96
17,48,54,65,98,188,214
2,72,89,162
12,43,48,114,173,215
10,114,173
75,81,89
17,65,89,112,114
43,65,106,114,140
4,9,10,114,
10,21,24,114,150,177,
43,89,119,186
1,10,79,114
1,18,26,43,45,46,92,113,114,141,204,211,225
0,36,43,56,71,77,78,79,81,89,113,114,118,140,141,213
0,12,43,96,110,113,114,118,126,148,213,218,225
47,105,114,118,140,186,211,213
2,81,89,93,140
11,47,114
52,79,118,140,153,231
43,77,89,92,97,114,144,146,160
17,19,43,51,75,109,113,114,127,149,160,171,229
43,47,50,54,114,215
24,46,114,140,173
89,126,138
0,2,45,47,71,89,93,106,110,113,114,118,149,171,225,229
46,114,118,119,140,150,171,206
66,114,119,140,181,229
0,2,18,31,43,47,48,77,78,99,113,114,118,133,134,152,158,163,215,225,228,229
0,8,23,31,35,41,43,63,78,81,105,107,113,114,118,126,128,129,130,189,225
0,9,18,27,49,52,88,89,92,106,110,113,118,126,127,145,215,218
11,43,48,78,106,113,140,159,160
24,38,65,68,112,113,114,225
1,11,20,36,71,79,89,91,97,109,113,118,126,133,134,189,228,238
1,38,116,128,155,220
63,111,140,151,162
9,29,32,39,63,93,114,139
33,78,82,225
43,45,66,75,93,114
0,19,44,46,107,114,118,119,164
36,51,53,109,114,118,140,164,231
10,71,73,114,140,149,213,
43,79,111,114,140,172
4,11,29,55,106,108,118,140,177
24,32,36,43,54,80,108,114,118,141,150,186
49,166,224
11,18,28,43,45,51,89,106,110,112,113,114,118,140,146,225
18,47,57,74,92,111,114,172,206
89,149,166,226,227
17
2,114
231
12,89,96,112,114,118,140,231
8,42,114,139,140
1,17,43,66,93,114,118,146,149,213,227
12,27,43,51,89,112,114,118,148
43,45,48,113,127,215,225
17
141,152,226,231
1,44,111,114,126,140,159,173
46,84,114,140,189,213
47,53,56,89,118,144,191,225,230
43,48,80,82,96,109,110,160,213,225
28,43,44,81,89,111,113,118,125,152,225,228,231
140,164
21,43,47,49,57,89,106,113,114,140,218
12,20,43,45,48,49,60,74,79,89,92,96,105,113,114,119,124,133,134,231
23,45,54,65,78,112,113,114,118,139,141,145
17,26,31,48,96,107,113,118,225,227,229
11,17,27,29,43,54,66,72,74,92,105,106,113,114,115,116,130,133,134,141,195
5,9,17,28,39,42,45,54,88,89,114,118,152,225
21,32,43,46,47,84,113,115,119,121,129,154,155,226
0,114
8,32,41,74,88,105,107,113,114,126,145,149,204
43,46,89,141,152,225
20,26,28,38,43,72,78,79,81,84,87,90,123,133,134,232,239,240,241,242,243,244,245,246,247
20,26,28,38,43,72,78,79,81,84,87,90,114,118,123,133,134,232,239,240,241,242,243,244,245,246,247,
47,48,81,83,89,110,113,118,159,185,220,225,230
18,109,114
43,92,106,114,143,171
17,43,57,61,77,82,89,105,106,126,143,151,158,160,176,215,225,226,227
2,29,65,114,140,141,148
11,28,29,47,55,75,89,117,152,229
65,224
8,13,43
30,38,43,48,53,68,106,111
45,81,84,105,107,121
27,35,43,46,51,89,113,126,138
2,9,114,118,159,228
23,24,75,152,230
0,4,17,18,43,55,89,92,93,107,113,114,116,130,141,155,211
1,8,9,13,20,42,46,72,88,90,110,113,114,118,
12,45,81,114,151,161
74,109,112,114,132,140,144
10,33,55,78,92,93,111,113,114,119,127,141,204,229
8,13,41,47,106,114
4,11,114
8,13,114
8,13,18,28,114,172
10,17,28,106,114,211
24,93,106,159,189,225
19,20,28,36,43,67,111,113,114,115,116,118,128,129,134,149,153,164,225
228,230
56,67,81,108
29,38,43,44,65,75,76,79,80,84,113,114,119,140,148,150,151,152,153,154,185,189,213,214,231
8,13,111
12,18,106,114,218
114,
45,118,126,141,159,218
27,48,89,95,118,141
12,32,35,38,43,49,80,88,97,113,114,119,177,228
30,43,45,51,60,72,106,108,113,118,133,134
43,140,169
92,166
63,72,81,89,109,141
23,43,65,81,96,112,113,118,148,149,156
89,116,128,227
89,97,208,
17,39,43,84,89,106,113,127,159
8,13,17,48,106,109,111
8,9,13,114
8,17,29,41,42,46,55,140,162,166,224,
8,29,41,75,92,107,211,225
18,43,47,50,51,53,55,75,92,106,114,119,141,152,185
11,24,39,89,108,114,158
84,121
201
29,48,80,84,93,112,113,114,118,121,133,162,171,173,220,225,231
43,46,56,66,73,113,114,118,126,135,140,161,191
140,141,154
18,26,43,61,81,82,92,110,111,113,114,118,126,225
0,9,10,12,18,23,26,43,57,65,84,89,92,93,110,113,114,118,121,140,144,160,220,225,227,228,229
9,19,29,89,96,109,111,114,140,153
12,18,63,92,141,156
48,211
106,140,162
10,114
11,17,19,27,28,48,54,92,106,114,118,
75,89
92,111,114,123,128,129
24,36,113,114,140,177,227,228
140
2,19,55,114
49,140,162,166
12,28,78,97,110,111,112,114,134,146,152,225
43,67,75,89,92,93,99,113,114,
106,112,140,151,153
43,48,55,96,114,123
43
2,114
12,28,32,43,97,113,114,115,116,118,155,204,214,228
36,46,68,118,119,126,141
8,9,41,42,43,96,114,118,166,220
50,96,106,109,114,118,140,145,214
8,9,13,47,77,114
39,43,89,96,108,113,126,141,235
140,220
1,43,48,114,140
19,31,43,96,112,114,118,126,139,172,173,204,
0,12,28,46,47,66,92,107,113,114,118,143,144,146,188
118,146,149,160,161,213,214
0,12,32,89,95,102,107,113,114,118,154,159,188,211
43,44,51,108,127,148
43,47,102,114
10,19,65,81,88,113,114,118,126,140,173,181,204,229
1,6,12,19,23,29,89,107,114,127,149,220,225,227
11,18,19,33,43,79,80,89,93,108,111,113,114,118,133,134,141,152,213,229
8,13,21,29,36,38,42,48,54,56,65,81,84,99,107,109,112,113,114,126,127,133,134,141,145,152,154,218
8,19,27,41,51,52,68,79,88,108,113,114,118,124,154,235
48,53,89,113,119,127,133,134,141,230
9,75,152,227
28,79,118,141,149,153,215,225,230
1,28,47,66,89,114,173
29,52,79,109,112,153,211
8,13,41,44,45,47,110,114,118
17,55,162,224
10,114
45,55,114,140
2,63,73,114,140,173
49,82,149
10,114,155,172
31,112,114,149
79,118,140,141,145,164
12,47,67,74,92,114,118,214
0,9,19,43,46,57,60,80,89,113,114,117,118,123,149,156
11,24,45,48,109,140
