0,
0,
1,2,3,4,5,6
0,7,8,9,
0,7,8,9
1
1,2,6,8,10,11
0,8,9
0
3,4
8,9,12,13,14
4
7,8,9
7,8,9,12,15
7,8,14,15,16,17,18,19,20
7,14,15,16,17,21
8,15
0,8,9,13,19,20,22,
0,7,8,9,12,20,21
13,15,16,17,18
0,7,8,9,12,21,23
23
24
25,26,27,28,29,30,31
0,9,16,32,
0,9
24
24
0,25,32,33
0
0,34,35
0,3,7,9,12,25,29,32,33,36
0,3,35,37
0,8,13,17,25,35,37,38,39,40
0,17,21,22,25,35,36,41
0,8,13,17,40
0,16,17,21,22,25,37,42
0,3,15,43,44
0,33
0,29,34,45,46,47
0,7,25,37
0,3,7,9,25,34,42
0,25,29,34,35,48,49,50,51
0,8,14,16,33,39,40
23
0,5,7,20,25,29,34,47,49,52,53,54
0,9,25
0,5,7,20,25,29,34,47,49,52,53,54
3,17,42,50,54,55
0
0,22,25,31,37
23
0,9,35,56,57
0,7,8,14,15,29,35,45,58,
0,3,17,19,25,37,59
8,17,33,40,41,60
0,9,25,29,34,35,40,61,62,63
3,7,9,17,25,29,62
8,17,34,38,40
0,9,16,22,36,62
23,29,50,62,64,65
5,9,16,17,30,34,40
0,16,17,41,66
0,3,7,53,59
0,1,5,8,9,16,17,25,29,35,37,57,58,67,68,
0,3,7,9,29,34,49
3,9,12,20,21,25,29,49
9,21,33,37,41
0,11,17,19,20,22,25,33,34,35,37,40,49,69,70,
0,1,5,8,9,16,17,25,29,35,37,57,58,67,68,
0,3,7,9,29,34,49
0,1,5,8,9,16,17,25,29,35,37,57,58,67,68,
0,8,36,71,72
0,7,34,40
0,9,17,29,34,37,42
0,5,7,10,14,17,19,25,33,34,35,41,54,73
0,1,5,8,9,16,17,25,29,35,37,57,58,67,68,
42
0,9,17,29,34,37,42,
8,9,14,25,34,
0,1,8,17,19,36,40,45,61,62
0,9,16,18,21,25,28,35,39,49
0,8,14,21,25,34,73,74
0,5,25,34,37,74
9,17,21,25,52,58,73,74
9,17,19,21,25,34,73,75,76
0,14,21,25,34,35,37,46,47,48,73
0
29
0,8,12,16,17,21,60
0,7,8,19
0,8,9,17,21
0,14,17,29
0,12,21,35
0,14,77
0
9,17,21
0,8,17,22,39,49,78
0,16,34,35
0
4,9,16,19,33,73
0,5,8,9,14,29,34,73,79
0,21,33,35,63
0,11,20
0,3,7,17,29,61
0,34,47
0,21,34,47,73,80,81
0,11,17,19,34,40,54,57
9,17,19,21
9,34,35,46,82
0,4,13,21,47,61
0,4,5,20,21
3,9,20,40,69,83
23
23
23
0
23
0
49
0,3,7,9,17,19,34,37,63
3,9,14,16,17,34,37
23
0,3,16,22,49,53,78
0,17,19,22,71,84
0,7,11,13,17,63,85,
0,16,17,21,33,37,40,41,53,79
0,34,78
0,14,29,34,35,49,54,86,87
7,9,33,35,73,79
0,8,9,16,17,21
0
0,7,9,21,34,78
0,8,16,17,21,38,39,40
5,9,16,17,34,37,41,53,73
0,35
0,5,7,8,9,14,16,17,22,29,35,38,40,73,74,79
8,17,29,33,34,41,54
0,7,17,34,47
0,7,34,47
8,21,33,34,77,88
0,5,14,21,29,33,34,49
0,9,79
0,17,21,37,38,41,49
0,3,8,14,21,36,41,49,89
0,3,12,21,29,34,54,90
0,3,5,6,9,12,13,16,29,34,35,40,49,73,84
0,9,14,16,17,22,29,31,33,34,74,79,87
9,17,19,41,60
0,7,9,21,34,78
0,35,46,71
0,4,7,33,34,51,85,87
0,3,5,6,7,14,16,22,33,34,35,40,69,73,74,78,79,84,91
3,92
23
0
23,24,33
0,33,46,76
3,8,9,21
0,3,8,14,17,31,37,84,87
0,3,7,8,37,52,
3,9,17,38,47,61
0,5,17,21,22,29,35,37,61
0
9,14,21
0,3,32,83
0,5,8,14,34,35,61
0,3,32,83,
4,8,18,34,54,68
0,35,37,40,49,69
0,7,16,21,33,34,35,37,65,92
0,3,7,80
0,8,16,33,34,35,41,48,62,67,69
0,5,8,17,19,21,29,33,34,41
0,8,16,33,34,35,41,48,62,67,69
0,8,17,21,35,40,83
0,72
0,3,7,33,35,84,89
0,8,14,21,22,35,38,41
0,21,33,90
0,9,16,34,37,47,49,78
4,8,9,14,21
0,7,19,37,40,87
0
8,9,17,29,34,35,69,78
0,14,21,41,58,73,91,93
9,17,18,33,38,39,73
0,3,8,34
8,9,17,29,34,35,69,78
0,5,20,34,71,73,80,
23
0,17,19,20,37,40,69,84
0
0
23
29
14,21
23
40
23
21,23
0,17,21,22,29,33,35,37,40,
24,
0
23,
0,5,7,16,17,21,31,35,37,40,41,79
0,8,16,21,33,38,40,87
0,8,16,22,37
33
0,7,48
0,3,7,13,34
0,8,21,29,34,
0,3,7,16,19,40
0,7,13,17,41
0,3,21
0,7,34,35,40,47,67,69
0,11,21,29,33,35,69
8,9,16,19,21,22,38,49
0,7,11,16,17,37
0,17,21,34,37,40
0,4,11,14,35,63
0,3,16,17,37,38,39
34,61
0,7,8,13,34,35,41,57,73
0,34,35
0,14,39,41,47
0,5,9,68
7,9,11,14,63
0,3,35,84
3,9,14
0,14,16,43
9,29,34
0,
0,3,7,8,17,21,26,31,36,57,73
0,7,9,14,15,16,35,36,37
0,6,13,17,19,35,37,73,74
0,5,7,9,12,16,17,19,34,38
0,20,22,37,40
0,10,40,59,63,79
0,7,14,33,34,35,60,75
0,26,34,35
9,18,21,29,61,
0,5,7,9,12,14,33,34,35,61,73,74
0,19,20,34,37,73,79
0,5,17,19,29,37,58,62
0,3
0,8,9,14,17,21,33,39,40,89
0,3,11,34,35,40,60,69
3,9,17,33,40
0,7,9,13,14,17,19,34,40
0,3,7,17,22,33,34,37
34
0,34,78,84,
0,3,9,17,19,29,37,62,67,69,87
23
0
0,33,35,54
9,34,94
0,29,37,48,62
0,4,21,54
0,3,7,21,29,34,35,37,49
0,41
9,21,49,62,66
0,13,18
0,3,7,35,48
0,9,10,16,33,34,35,71
0,3,7,8,34,49,84
0,4
3,9,14,16,34,37
0,14,17,19,29,34,35,37,49,57,78,89
0,3,7,8,9,18,19,22,41,54,57,58,67,73
0,7,9,10,12,14,16,34,35,49,54,73
0,8,17,19,21,33,34,39,41,79
0,8,19,35
0,16,29,34,40,47
0,9,13,29,35,41,58,69,87
0,7,8,9,11,13,29,38,57,73,74,78,79,84
0,16
0,7,9,34,73
53
0,7,14,16,37,49,74,95
0,5,6,8,9,22,41,49,54,66,69,73
0,5,8,14,16,17,21,29,34,37,40,63,79,87
0,6,12,14,29,37,40,53,67,73
0,3,9
0,15,36,47
9,37,39,54
3,5,9,13,21,33,35,37,79
0
0,9,12,16,17,19,29,33,36,61,
0,8,14,29,34,37,41,96
0,5,8,17,19,21,22,34,38,39,73,79
7,9,10,14,17,22,29,37
24
9,16,17,41
0,3,7,35,40,49,54,91
0,29,34,35
3,9,19,21,26,27,29,73
0,7,10,14,18,33,40,41,57,74,97,
0,3,8
0,8,14,34,37,78,84
0,3,16,21,35
0,7,8,9,17,19,33,34,
0,87
0,35
0,16,22,36,37
0,12,34,35
7,9,41,58,69
0,20
0,3,4,7,8,16,22,33,34,48
0,34,40,76
0,10,22,35,38,71,74
0,18
0,8,22,31,47,69
0,8,20,31,41
0
49
0,9,10,17,29,34,40,41
0,4,13,16,35,49
0,3,7,29,59,84
0,3,18,21,33
0,7,14,16,34,35,53
9,
0,9,58,79
0,3,11,12,20,21,29,33,34,35,58,63,83
0,3,8,9,14,17,33,34,36
0,8,9,16,37,38,40,49,54,57,74
0,7,9,33,35,62,74,79,87
0,5,7,8,13,20,29,46,54,58,79
0,8,21,41,62,79
0,3,14,33,35,37,78,
0,17,21,37,38,45,92
0,7,14,34,35,40,62,87
0,8,9,12,17,34,62
0,3,8,34
0,
0,8,12,19,21,34,37,74,84
0,42,62
0,5,6,8,9,14,58,
0,5,6,8,9,15,16,17,21,36,79
3
0,7,12,19,34,98
16,20,21,38,72
0,3,4,13,17,19,20,22,34,35,37,40,99
0,5,7,18,37,40,49,58,61,73
3,5
0,9,14,21,58,73,79
0,4,9,29,34,53
0,5,6,17,20,34,58,73,83
0,14,33,41
0,21
0,14,17,37,62
3,9,20,21,33
0,10,19,34,54,71
0,3,8,16,19,21,22,28,29,31,33,37,59
0,3,7,10,12,19,29,34,35,37,83
0,7,33,36,47,71
0,5,7,8,9,12,19,20,29,34,35,40,54,57,73
0,4,7,9,12,14,16,33,34,35,37,89
3,8,9,12,19,21,29,36,38
0,8,17,21,33,35,40,47,49
34,
0,3,29,34,100
23
0,7,34,35,40,46
0
0,21,22
0
3,7,9,17,19,40
7,9,12,17,33,34,35,37,48
0,41,47,88
0,15,16,29,33,35
0,46
0,21,57
0,3,7,8,17,19,20,21,29,37,49,69
0,7,17,37,68
0,19,37,40,63
3,9,17,19,21,35,37,48,49,54
0,8,78,82,84
5,9,14,18,34,40
0,5,9,13,29,34,35,49,68,73
0,9,34,58
0,4,7,17,29,34,35,37,40
0,3,7,8,14,16,21,37,57,58,68
0,8,33,34,35,54,74,
0,5,14,21,34,35,79
0,8,17,21,22,29,33,36,49,66,69
0,5,6,7,13,20,34,35,37,42,54,79
5,8,9,10,58,68,73,87
0,6,7,8,9,11,12,13,14,18,19,21,29,34,57,73,74,79,87
0,33,47
0,3,8,15,16,40,73
0,7,13,20,29,58,
0,20,21,33,40,47,90
0,7,34,
0,3,7,33,37,38
0,8,14,16,17,33,54
0,8,35,73
7,8,9,41,97
0,3,7,9,17,18
0,37,79,86
0,3,16,21
9,16,17,21,40,61
0,9,19,21,29,34,35,49,51
0,15,16,21,33,35
0,16,17,18,19,21,34,62
0,3,8,16,17,26,37,47,57,58,97,
0,8,14,16,17,19,21,29,33,35,36,37,40,54,57
0,5,7,20,37,58,79
0,16,17,21,48,58,87
7,8,9,17,37,41,70
0,8,14,16,17,19,21,29,33,35,36,37,40,54,57
0,3,40,49,62,71
0,8,17,34,37,40,46,78,89
7,9,33
34
23,24,29
23
23,55
20,31
0,6,8,12,21,29,35,73
9,35,101
0,3,34,102
0
0,3,7,8,17,33,37,41
0,3,9,19,58
0,11,14,21,35,47
0,3,35
0,8,17,21,34,35,37
0,29,34,35,61,78,87,
0,6,8,9,14,19,22,34,35,40,73,74
0,7,21,38
0,5,6,7,8,17,20,21,40,49,58,67
8,16,22,39,40,54,62,64,67
0,11,17,21,22,35,40,57,67,73,103
0,7,33,70,90,97,
3,7,12,14,72
0,3,7,9,33,35,37
0,17,34,87
8,16,20,35,40,41,45,68,70
0,34,35
0,9,19,21,59,90
8,17,21
0,17,69,90
0,9,19,21,59,90
0,7,8,16,34,71,72
0,8,21,33,34,
29
3,8,13,71
0,4,20,33,61
0,8,21,33,36,74
0,3,7,13,29,
0,8,21,29,33,40
0,5,9,21,29,34,37,57,73,79
0,8,11,17,22
0,13
0,9,34,71
29
23
23,29,41
55
0,14,22,34
0
0
0,76,104
0,9,33
0,17
0,33
0,3,29,34,35,36,37,41,78,90
0
0,9,17,21,34,40,49,90
0,58
0,17,38,49
0,3,16,34,35,41
0,8,16,29,37,38,85,89
9,14,21,22,33,34,49,62,69,72
0,5,17,21,39,40,58,62,90
9,34,
0,7,8,16,17,40,41
0,17,19,33,34,35,40,45,49,54,74
0,17,19,21,34,38,87
0,7,14
9,21,33,35,49,54
0,21,33,40,47,54,74,90
7,9,11,17,19,21,37,38,54
8,9
0,33,45
0,8,14,33,37,48
0,4,7,8,17,33,34,48,63,
0,16,17,19,21
0,18,22,34,40,73
0,5,29,35,40,58,61,73,79
0,9,17,29,38,40,87
0,5,7,16,21,34,35,73,79
0,3,7,16,29,34,37,42,53,54,84
7,9,11,13,17,29,34,37,73,97,
0,3,34,38,49
7,9,17,19,22,29,33,34,35,54,63,74
23,40,41
41
0,58
0,9,16,17,21,35,47,57
0,34,48,71
0,3,7,9,34,41
9,34,35,90,105
0,61,
0,8,9,19,21,22,34,35,37,57,69,74
0,3,8,16,17,29,33,34,37,40,47,61,84
0,3,4,7,8,9,10,21,29,33
0,37
33
0,46,77,83,94
23
8,18,19,33,37,38,39,41,54,57
0,5,6,7,8,9,15,29,34,35,61
0
23,29
23
0
0
9,16,17,21,29,34,37
23,29
0
0,29,38
0,20,21,33
0,16,29,34,47
0
0,5,14,17,21,37,62,79
0,8,14,16,17,22,37,47
0,34,35,37,40,89,
0,19,106
0,14,16,29,34,40
0,8,11,14,16,17,18,39,49,54,87
0,8,21,33,37,40,41
0,8,11,21,22,35,37,38,51,84,97,
0,8,16,21,54,62,87
8,17,21,33,97
0,5,17,20,21,29,33,34,35,73,74,79
0,3,90
0,8,16,19
0,10,17,29,33,34,38,40,47,49,67,89
9,11,17,22,33,34,
23
0,7,8,19,20,29,37,74
0,29,47,83,84,89
0,16,17,33,41,45
0
0,7
0,9,13,16,17,21,29,34,90,
0,7,14,22,40
0,5,10,14,17,22,29,37,40,73,79,81,87,97
0,
0,16,34,41
0,17,21,29,30,31,37,97,
0,5,8,15,17,20,39
0,5,7,16,19,29,60,62,73,74,98,
0,3,16,17
0,3,7,8,12,14,22,38,40,42,47,54,69,73,79
0,7,8,17,33
23
23
23
0,21,34
0,7,33
0,9,11,17
0,3,8,16,47,57,74,91,97
9,21
0,7,17,21,39,40
0,4,7,17,20,33,72
0,8,21,41
0,21,71
0,8,14,29,47
0
0,33
0,7,10,12,14,21,33,35,69,98
0,3,7,8,13,40,49
0,16,20,35,37,62,64
0,21,22,38,57
0,7,18,21,34,35,49,54,62
0,7,37,49
0,4,29
0,3,8,17,29,34,66
0,17,22,33,62
0,7,8,9,21,29,35,
0,21,33,37,41,87
29
0,7,14
8,18,33,34,37,79
23
23
55,
9,10,21,69,87
55
0
0,9,21,37,40
0,3,22,50
0,10,21,29,33,41
23
0
8,9,35,37,47,68,73
8,9,14,22,29,32,33,40,41
0,9,16
0,17,19,21,29,41,72,87
0,3,17,19,22,33,37,38,45,54,57,79
8,9,11,13,17,29,33
0,7,17,20
0,21,29,33
0,3,7,8,17,29,37
0,8,14,34,37,38,40,49,74
5,7,8,9,13,17,21,29,33,34,36,40,54,62,73
8,9,11,17,19,21,37,89
0,14,17,21,33,39,87
0,7,17,34,37,41
0,4,9,33,35,37,73
0,7,17,32,34,35,62
9,17,21
0,12,33,71
0,5,7,12,15,16,34,35,42,61,73
0,13,15,34,66,73,80
0,4,7,21,33,34,35,38,54,59,97
5,9,16,21,29,33,60,65
0,4,7,9,33,35,37,40,54,91
0,7,17,19,29,33,
0,8,14,16,17,19,21,33,34,
7,9,16,20,33,
0,7
0,8,14,16,21,29,31,32,46,73,79
0,17,20,34
0,7,15,30,33,34,35
0,3,20,84
0,8,17,19,21,22,34,42,62
0,20,21,57,58,66,87
8,21,59,69,102
0,5,7,34,57,73
0,3,7,11,17,29,35,36,37,70
0,8,17,29
0,8,17,22,39
9,21,29
7,8,9,10,16,17,21,37,59,68
0,3,9
0,3,7,12,15,29,34,35
0,14,19,21,39,57
0
0,4,7,8,17,19,21,34,
0,3
0,14,16,20,21,37,49,67,74
0,7,9,97
7,9
0
7,8,9,29,34,73,79,99
0,7,21,35,37,40,58
23
0,8,37,38,40,41
0,17,21,57,60
0,34,40,80,94
0,9,33
0,7,9,21,35,36,37,57,73
7,8,9,13,17,21,22,29,36,37,40,66,67
0,3,12,34,37,67
0,3,5,29,34,
23,24
3,9,37,40
0,16,21,22,29,34,46,47,61,72,100
0,3,6,7,34,37,54,73,78,89
0,5,7,34,37,53,73,79
0,9,17,19,21,33,36,38,40,41,79
5,9,12,16,17,21,33,34,35
0,29,58,
0,35
0,8,19,33,37,58,87,90
0,8,14,16,17,22,34,37,39,41,63,79
0,12,33,35,40
0,3,14,21,33,37
0,3,7,8,14,17,22,37,50,74
0,3,19,20,40,89
0,3,17,21,29,37
0,3,21,33,34,54,72,73
0,3,7,8,14,16,17,36,74
0,5,20,21,35,36,57,65,66,73
0
0,16,17,21,58
0,17,19,79
0,3,7
0,8,17,19
0,7
9,15,16,21,34,39,45
34
0,14,33,
0,9,29,34,35,37,51,83
0,3,9,36,38
0,3,9,10,16,17,19,21,87
9,17,21,29,34,37
0,29,34,54
0,3,7,8,14,17,21,29,34,40
34
23
26,27,31
23
0,35,
23
0,9,29,90
0
0,3,7,29
0
23
0,8,17,19,21,35,39,57,62,74
0,7,35,71
0,4,58
0,9,21,29,34
0,7,34
0,5,14,17,19,21,29,34,35,49,66,73,74
0,9,29,38,40
0,9,11,13,21,29,34,35,37,41,42,
0,4,9,14,16,36,40,61
0,8,16,17,21,35,37,40,58
0,13,21,29,34,37,41
0,14,17,21,57
9,14,29,35,68,73,79
0
0,7,29,34,
0,7,34,49
0,16,21,34,35,62,71,
0,8,11,16,17,33,35,37,39,40,79,83,101
0,7,13
0,8,14,16,17,29,33,38,58,73
0,8,34,73
0,16,21,22,35,40,53,79
8,9,10,21,34,37,54,62,67,74
0,7,8,9,40,49,90
5,11
0,9,17,19,34,35,40,41,67
34
29,34
0
0
0
0,5,7,14,61
0,14,35,38,40,92
9,80
0,34
9
0,4,33
0,7,29,34
0,9,11,14,19,29,41,57,67,74
7,21,38,49,69
0,3,9,29,34,35,37,40,41,74
0,7,17,19,29,37,67,102
0,17,19
0,3,9,17,38,40,45,87
0,3,9,19,20,21,41,48,49,67,85
0,26,29,37,40,71
20,
0
0
23,55
0,7,47
40
0,9,17,33
0
0,14,19,21,34,38,78
0
0,21,33,62
0,9,13,28,29,34,49,86
0,9,14,58
0,34,35,79
0,7,9,11,14,17,22,62,107
5,9,14,17,22,33,69,87
0,9,14,17,20,21,22,35,37,40,49
0,9,14,15,21,22,29,35,47
0,3,21,22,40,41
0,8,12,17,21
0,14,20,29,33,40,49,68
9,14,16,21,41,62,107
0,3,50,75
0,9,14,17,21,29,37,38,62,69,87
0,9,26,29,35,37,40,62,87,89
0,5,7,31,34,54
0,9,26,29,34,35,37,40,62,87,89
0,17,21,22,33,37,57,87
0,7,16,17,22,28,35,37,40,49
0,10,17,19,21,33,87
0,3,8,17,20,21,22,26,27,28,31,35,38,39,40,74,87
0,21,33,37,38,69
0,8,12,16,17,21,31,33,34,63,
0,9,14,16,21,33,37,40
9,48,72,73
0,7,17,61
7,9,13,14,15,17,34,47,73,79,91
0,3,9
0,7,16,17,33,34,47
0,79
0,7,8,9,14,19,21,29,33,35,79,106
0,7,11,17,29,33,34,84
0,21,63
34,
0,9,17,21,33,34,35,38,39,40,47,84,87
0,5,16,34,37,57,59,73,78
0,9,17,21,33,34,35,38,39,40,47,84,87
0,9,12,14,15,18,21,33,35,39,54,69,79
0,3,9,16,17,22,35,37,38,49,54,78,92
0
0,3,7,9,29
0,8,16,17,33,35,38,40,54
0,3,80
0,9,18,21,34,49
0,8,17,21,22,29,33,40
0,9,34,35
0,3,48,62
0,8,17,21,90
0,9,13,21,33,35
0,3,16,21,38,49,69,78
0,9,35,73
0,7,16,17,33,61
3,7,9,29,34,40,49,54,78,89
23
0,3,7,10,19,26,28,29,33,34,35,40,49,69
23,55
23,29,
23
23
0,101
0,14,33
0,8,17,37,40,90
0,36,40,70,90
0,15,47
0,14,16
0,3,7,8,9,16,29
0,3,7,9,33,38,47,66,79
0,9,16,34
0,3,5,8,17,29,35,37,73
0,3,16,21,34,72,94
3,9,40,48,71
0,7,9,12,16,17,19,58,107,108
5,9,11,14,21
0,3,35,76
0,9,10,17,21,29,33,35,38
0
0,33
0,3,5,7,9,21,29,35,73,84,95,98
0,3,5,8,16,17,19,20,33,40,41,63,66,74
0,9,34,35,61
0,34,35
0,34
0,83
0,8,10,14,21,36,37,41,47
0,3,13,29,33,37,49
9,16,19,40,61
0,8,10,14,21,36,37,41,47
8,9,10,16,17,21,33,34,37,53,62,67,79,89
0,3,8,14,17,21,22,38
3,7,8,9,14,16,17,29,33,34,37,40,41,89
0,5,11,17,21,29,33,34,35,71,72
0,14,32,58
0,8,17,19,21,29,40
0,16,20,34,39,89
0,6,9,13,15,17,29,34,37,53,73
0,8,14,16,21,33,34,40,49,54,69
0,3,21,29,34,35,38,57
0,3,4,9,21,34,40,53
0,3,9,12,17,20,21,29,34,37,40
0,16,34,37,102,
0,8,16,17,19,21,28,29,33,34,41,73,
108
108,
108
108
108
108
108
0
0,33
0,17,21,34,36,37,90
0,3,
0,3,7,9,17,19,34,41
0,7
0,4,7,8,16,17,20,21,34,35,37,40,41,62,73,79
0,11,17,18,19
0,7,9,12,21,26,27,28,31,35,68,73,79,
0,14,18,33,70
8,17,38,39,70,79
0,4,21,33,41,57,87
0,3,9,14,16,29,37,38,73
0,9
0,9,17,21
0,17,21,34,40
0
7,9,34
0,5,7,9,12,19,21,22,29,35,37,49,61,62,73,74,108
0,9,12,21,29,
0,5,7,15,29,34,35,40,49,54,73,79
58,
34
0,3,29,68,71,89,99,
24,29,55
16,37,41,55,74
23
0,14,22
22
9,17,22,37,49
0,40
0,26
8,17,21,34,37,45,47,70,94
5,8,33,41
0,3,5,10,17,18,19,33,41,74,90
0,10,16,22,34,35,40,68,108
0,3,7,14,22
0,3,14,34
0,4,9,17,41
0,8,14,16,19,21,68,73
7,9,52
7,8,18,19,33,62,63
0,8,14,17,21,33
0,33,
0,4,9,16,17,21,29,35,36,37,40,42,50,57,62,64,74
23
0,16,17,29,33,40,49,57
0,3,17,19,34,66
0,4,29,50
9,21,40,90
0,21,22,33,35,46
0,7,10,12,49,50,57,58,62,69,78,79
0,5,8,9,10,12,16,17,21,29,37,41,73,79,87
0,8,16,17,21,33,34,62
0,3,9,21,33,37,87
0,9,17,37,40,42,45,50
0,5,8,16,21,29,31,34,37,74
9,14,16,17,22,33,38,45,49,58,79,89
0,21,33,40
0,7
0,7,8,14,17,21,29,34,42
0,3,7,8,9,17,18,33,37,40,42,44,45,50,79
0,10,29,33,34,79,90
0,8,17,21,33,35,49
0,3,9,20,33,34,35,38,41,57,68,74,108,
0,17,22,41,90
0,7,8,21,33,35,
0,21
3,7,9,17,19,20,22,38,66,67,69
0,14,21,33,35,37,46,62,72,79
0,3,33,34,35,37,92
0,7,8,9,17,19,33,37,79
0,4,7,22,33,34,35,40,108
0,5,6,12,21,29,37,40,41,53,79,84
0,12,15,33,35,41
0,19,22,34,37
0,3,7,49,73,79,92,95
0,5,7,12,15,16,33,34,35,61,73
0,5,16,33,48,73
0,8,33,61,63
0,7,17,19,37,39,58,73,79
0,5,8,14,16,17,34,39,57,69,73
24
23,29,55
8,9,40
0,8,34
8,16,17,18,19,22,33,34,40,57,62
0,21,39
0,46
0,3,9,21,33
7,9,21
0,4,33,38,40,58
0,7,15,33,35
0,3,7,8,16,21,33,35,42,50,54
0,3,7
0,7,14,16,34
0,9,19,34,40,62
0
23,24
0,3,13,33,39,40
0,8,11,17,21,40,62,69,74
0,9,16
5,7,9,28,33,34,35,39,40,74
0,7,8,9,19,21,33,34,35,50,54,57
0,3,8,34,
0,17,49
0,17,19,34,40,49
0,8,14,17,21,33
0,5,9,14,17,21,31,33,35,36,41,73
23
0,7,17,21,33,35
23
29
29
0,7,
0,8,34,35,37
55
23,24
23
0
0,3,7
13,14,21
23
0,9,16,33,35,38,79
0,46,47,71,75
0,8
0,4,13,16,21,29,33,35,79
0,33,108
0,3,7,40,108
0,33,108
0,7
0,3,29,40,54
0,8,12,13,33,34,61,67,73
0,5,11,17,19,29,31,33,34,38,64,65
0,29,37,40,57,58,68,73
9,11,21,33,38,39
0,7,13,33,37
0,16,17
0,21,34,37
0,7,35,37,38
0,33,35,69,72
8,9,17,21,57
0,17,87
0,5,11,17,19,29,31,33,34,38,64,65
0,7,16,17,20,37,38,42,73,97
0,21,29,40,58
0,3,19,21,40,54,62,64
0,8,14,17,41
0,3,7,17,35,39,40,57,83
9,14,41
3,7,9,11,34,35,36,37,38,46,54,89
0,3,7,8,9,17,34,49,61,74,87,101
0,17,34,37,67,73
0,16,17,18,19,37,57
0,7,9,21,22,29,33,35,58,
0,20,47,88,97
3,8,9,17
0,17,33,38
0,8,9,11,16,17,29,33,34,35,37,48,61,70,87
0,16,58,80
0,3,17,19,20,26,27,28,29,31,33,35,37,61,66,67,69,87
0,5,7,8,17,21,22,33,35,49,57,62
0,12,16,34,52
0,8,21,33,34,40,50,54
0,8,17,19,29,49,90
0,3,7,9,17,21,29,34,35,37,38,49,62
9,14,19,21,29,37,45
61
0,10,11,14,29,33,35,40,41
3
0,9,29,42,50,58,
0,7,14,60,71
0,17,19,33,34,53,73
0,7,9,19,20,57,61,71,87
0,3,7,20,21,42,58,
0,7,8,9,14,29,34,40,45,
0,7,8,17,29,33,34,35,39,40,41,45,65
55
23,
0,4,17,19,21,22,33,34,40
0
23
0
0,41
0,9,34
0,9,14,21,38,58
0,3,7,11,16,17,19,21,22,29,33,37,39,61,63,67
0,7,21,22,50,74,79
0,
0,17,71
0,3,8,11,14,17,29,37,40,49
0,9,22,35,58,63,
0,
0,3,7,8,14,16,21,23,109
0,3,14,16,21
7,8,21,34,71
0,7,9,14,29,47
0,29,37
0,3,29,34,38,40,90
0,21
0,21
0,3,33
30
0,3,21,57
5,9,59,73
0,13,21,23,35,38,47,62,75
0,3,17,18,19,21,29,37,67,74
0,21
0,7,9,36,49
9,37,71
0,16,17,37,38,40
23
23,40
0
23,
21,23
55
0
0
0
7,40,55,65
13,21
0,33
0,8,16,17,39,49,62
17,29,65
0,3,7,14,16,17,21,31,37,45,47,53,70,79
0,8,16,17,21,22,33,34,35,37
0,17,39,49,62
0,14,16,17,21,36
0,16,21,33,37,38,39,40
9,29,49,54,57
0,3,13,14,41,87
0,3,33,35,37,40,50,54,65,74,84,87
0,7,9
7,9,16,20,33
0,7,34,38,41,90
0,9,16,21,29,35,71
3,7,9,19,29,34,35,37,53,57,73,80,84
0,3,35,49,54,63
0,17,37,41,54,60
0,21,35,41,54
0,4,5,8,16,19,20,37,68,73,79,87,98
0,4,9,16,20,40,64,97
0,4,5,8,16,19,20,37,68,73,79,87,98
0,20,37,45,63,87,99,
4,8,16,19,34,35,45,74,79
0,21,33,34,35,47,54
0,14,17,21,34,35,53,54,61,
0,17,19,21,29,40
0,7,8,9,21,54,63,73
0,8,16,19,33,37,45,46,87
0,4,21,35,37,38,40,73
0,17,21,37
8,9,16,33,35,72
9,33,34,40,60
0,8,12,13,19,40,62
3,8,9,11,14,17,21,22,29,31,34,37,39,40,41,45,62,78,84
0,7,8,14,19,29,34,73,79
0,7,17,41
0,20,21,38,54,57,73
0,3,7,10,35,37,41
0,17,29,69
5,9,21,33,
0,17,34,67
0,3,17,19,37,63
0,7,8,16,34,38,69,73
0,17,19,21,34,47,90
0,7,8,9,14,16,34,37,40,47,78,84
0,7,16,21,40,45,58,87,90
29,36
0,40,49
34,61
0,8,16,21,40
4,34,
4
0,3,4,7,16,34,35,54,57,65,71,73
68,
0,3,5,9,14,16,17,19,34,61,84
0,7,17,34,38,41,67
0,7,9,29,33,35,46,61,68,71
0,31,33
0,7,35,53
0,
0,37,38,40
0,3,7,66,
0,68
0,3,7,8,9,16,17,19,22,29,33,40
0,3,7,16,29,35,39,54
0,3,21,47,49,104
0,9,16,21,57
0,14,21,47
0,3,7,8,10,21,27,37,38,54,69,78,87,110
0,22
0,5,7,9,29,33,37,49,69
3,6,9,12,34,35,51,53,61
0,7,8,34,40,61,99,
0,34,35,73,108,
0,9,14,39
23
23
23,29,30
55
23
55
29
23
55
29
3,7,9,35,79
0,9,16,21,35,49
0,7,33,35
0,9
0,3,8,34,37
0,3,11,21,29,34,40,87
0,16
0,19,54,57
0,3,14,16,21,29,33,35,36,37,69
0,22,37,39,58,68,
0,4,21,51,61
8,9
7,9,35,40,54,73,74
0,
0,3,29
9,21,57
0,3,13,17,21,33,35
0,8,14,17,34,38,39,40,74
8,9,21,80,104
0,8,14,16,17,29,33,34,39,54,74
0,7,14,29,34
0,35,40,47,58,71,73
0,5,7,17,29,33,34,35,37,88
0,21,34,35
0,7,29,34,
0,13,16,21,36,53
0,16,19,33,34,35,39,82,87,96
0,3,12,17,21,29,34,40,58
0,6,7,14,21,37,49,73,74,82
0,7,9,33,37,58,79
0,12,14,15,16,21,22,26,29,33,34,35,40,49,58,73,74
0,8,17,21,36,38,39,42,57
0,7,9,20,33,35,36,39
0,7,12,13,33,34,35,37
0,34,50,54,73
0,13,16,21,36,53
9,13,29,34,54,73
0,14,29,34,49,63,
0,5,6,9,16,21,36,49,73
5,8,9,11,12,17,18,21,33,34,57,66,73,79
0,12,14,18,33,34,35,38,40
0,5,14,17,21,29,33,35,37,38,40,73,
0,12,16,34,41
0,6,11,17,34,35,37,54,78,91
58,68
23
23
23
9,12,15,33,
3,9,58
0,3,9,29,35,50
0,6,7,8,9,16,19,21,22,33,35,40,79
0,9,16,21,54
0,9,29,34,40,41
0,3
7,9
0,14,34
0,16,19,41
0,17,34
7,9,33,
0,3,9,21,49,58
0,7,52
0,29,34,35
0,7,17,19,21,22,29,34,35,38,62,67,74,78
0,8,16,17,29,37,54
7
23
55
14,23,42
22,23,42,50,65
23
0,4,8,16,17,33,40
0,4,8,33,41,90
0,8,20,31,34,47,71
9,21
0,17,19,34,66,72
3,7,9,16,17,33,49
0,33,35,40,48,57,61
0,3,9,21,41
0,8
0,5,7,29,33,34,35,37,73
0,17,29,37,41,83,101
5,9,16,17,34,40,62,73
0,3,33,64,
0,9,35,37,68,107
0,9,12,34
9,17,37,40
0,9,20,21,61
0,3,37,41
0,5,8,14,17,19,21,34,38,73,89
0,3
0
3,8,9,21,34,41
0,3,9,21,40,41
0,6,7,8,9,13,17,21,33,37,74
0,9,17,40,49,54,63
0,17
0,3,7,8,21,33,34,35,53,54
0,29,35,73,111,
0,9,38,49,73
0,8,14,90
0,7,17,112
0,7,8,34,35,40,61,73,79
0,7,19,21,34,37,38,47,62
0,16,19,20,21,34
0,9,21,52,86,97,
3,9,13,17,28,29,34,35,49,53,113,
0,3,7,9,34,49,74
0,4,17,33,34,35,42,82,87
0,32,34,35,42,73
0,3,4,8,11,14,17,21,33,34,35,37,38,40,64,92
0,7,11,14,39,62,79
0,7,34,35,73,86,100
0,5,9,13,20,21,34,69,73,79
0,20,21,57,87
0,20,21,34,35,38,41,60
0
23
0,7,17,39
0,41
0,3,7,54
0,33,34
0,21,54,71
0,8,21,29
0,8,21,40
0,4,8,11,17,19,21,22,29,33,38,40,41
0,7,17,19,87
0,21,35
0,17,21,37,79
0,14,34,48,62,89
0,42
0,8,16,17,34
0,7
0,4,29,35
0,14,16,17,41,42
0,3,9
0,7,8,10,17,19,21,33,38,40,62,65,74,
0,3,5,7,9,12,13,19,21,57,58,73,87
0,7,21,33,34,46,71,90
0,7,12,33,35,102
0,8,14,16,33,
0
23,
31
23
8
0,11,14,17,19,21,22,29,38,39,40,45,62
3,9,34,62
0,3,34,35,71,75
0,7,13
0,7,35,38,40
0,7,19,29,33,34,37,40,65
0,3,5,8,16,34,37,40,42,57,70,73,
0,8,29,35,58
0,3,7,21,22,35,41,54
0,7,9,16,33
0,8,14,17,21,37,57,68
0,7,34,35,40,54,73,74
9,33,45,79,90
0,79,90
9,21,35
0,7,8,17,19,20,21,29,33,62
0,13,35,41,62
0,8,16,17,21,29,33,35,37,38,41,49,54,57,62
0,14,29
0,8,19,21,34,35,37,66,73
34
0,8,13,21,37,45,88
0,21,37,73
0,8,17,19,37,40,42,50,90
0,9,10,21,36,40
0,3,7,20,46,58,
0,5,8,22,35,37,38,58
0,3,17,40,57,62,79
0,16
0,9,14,17,20,34,35,61
0,3,14,17,19,33,34,35,37,38,41,61,73,79,87,89
0,4,7,8,9,11,14,16,29,35,50,54,58,67,69,73,78
0,3,14,17,19,33,34,35,37,38,41,61,73,79,87,89
0,5,7,12,20,32,34,37,47,61,71,84
0,7,29,34,40,41,80
0,7,13,29,33,34,35,57,79,88
0,17,21,34,38,57
0,14,18,21,34,73,
0,7,11,16,19,21,22,29,33,35,37,40,45,47,49,50,54,58,61,74
0,5,9,17,19,29,34,40,41,73
9,16,21,58,97
0
0,7,20,22,29,33,36,38,54,73,79
0,6,14,34,35,54
8,9,20,21,33
3,8,16,17,37,45
0,21
9,11,19,34,71
0,4,8,38,40,41
0,21
0,11,71,82
0,29,34,40
0,3,9,34,73
0,7,37,43,57,66
0,3
0,16,21,38
9,14,37,68,
0,35
0,9,14,34,41,73,89
23
0
0,21,68,
23
9,17,34,37,57
0,34
0,16,29,71
0,8,9,14,17,18,33,35,41,57,68,
0,17,18,22,39,40,62,70,79,90
0,3,9,36,49,73
0,3,9,19,29,33,40,41,47
0,7,8,9,17,31,33,37,40,87
0,9,40,41,79
0,7,8,9,17,31,33,37,40,87
3,17,19,22,37
0,3,9,36,49,73
23
0,5,14,21,22,29,33
0,17
0,3,7,12,21,29,54
8,9,21,22,29,33,34,74
9,21,35
0,29,41
0,3,29
0,7,17,19,33,38
0
0,7,8,17,20,35,37,39,41,54,74
0,17,21,22,29,36
0,17,21,37,40
0,7,14,16,29,34,37,40,41,54,73
0,7,16,19,34,40,89
0,3,12,21,34,35,54,73,79,91
0,4,14,21,33,46,83
8,9,34,53,73
0,17,19
0,8,16,21,34,37,84
0,4,8,17,21,22,33,34,38,47,62
0,7,8,14,17,29
0,7,8,12,14,17,19,29,58,
0,21,22,34,41,62
0,3,5,8,17,21,29,37,40,58,69,74,78,79,84
0,3,8,9,10,14,17,21,22,29,37,50,57,58,87
0,
7,8,9,31,33,45,79
0,17,19,33,41,69,70
0,21,58
0,5,29,34,58,73,79
0,29,34
0,8,20,33,40,47,60,69,84
0,8,10,16,17,21,33,34,49,66
0,3,8,9,10,14,17,21,22,29,37,50,57,58,87
0,29,34,
3,8,27,28,58,68
0,4,5,7,9,17,21,29,34,35,38,73,79
0,5,8,9,21,29,34,73,
0,4,5,6,16,17,21,22,33,34,35,37,41,62,73,79
34,
0,7,17,20,29,34,37,68
0,3,5,6,29,34,37,61,
0,16,34,35,37,47,69,73
0,14,21,28,34,35,47,49,74
0,17,34,41
0,21,37
9,10,14,19,33,45,69
0,3,9,21
0,3,22,41,90
0,3,7,17,20,22,29,35,40,74
0,8,9,11,16,17,19,49,74,79
9,13,49
0,4,8,13,21,33,34,53
0,3,9,19,21,29,34,54,58,68,69
0,7,37,
0,7,8,9,17,33,86,90
0,9,12,15,16,29,34,35,40,104
0
23,55
0,80
23
0
0
0
0,7,38,57,58,106
41,55
0,7,8,13,33,34,54
55
18,21,40,74
23
0,21,22,33,72
0,34
0,4,16,17,33,40,46,63
3,9,21,60
0,8,21,22,33,40,73
0,8,11,19,21,22,33,37,41
0,17,20,21,34,37,39,45
23
0,9,14,16,17,34,54
0,9
0,9,68
0,9,16,29
0,14,17,21,60
0,3,7,29,
0,7,34
0,34,80
0,9
0,3,21,34,41,72
0,4,40
0,12,14,33,34,35
0,3,7,9,22,29,34,35,37,38,49,51,62,85,
3
0,9,17,35,37,41,57,74
0,11,22,34,38
0,9,17,19,21,29,33,35,38,54,87
0,21,29,35,79
0,8,20,21,34
0,3,7,9,14,16,17,21,22,29,37,38,40,57,87
0,3,61
0,8,9,11,14,17,21,22,35,71
0,9,13,17,19,22,34,40
0,8,9,16,17,20,21,22,29,34,35,37,38,40,41,62
0,3,7,10,11,14,22,34,37,40,62,73,79
0,9,14,17,21,33,37,62
0,9,14,20,21,29,31,34,37,38,40
0,9,16,21,22,37,38,40,41,58,73,79
0,7,21,58
7,8,12,17,19,21,39,40,45,79
3,7,9,34,58
8,62
0,9,29,35
0,3,5,9,19,41,69,73,79
0,9,16,21,22,37,38,40,41,58,73,79
0,3,4,5,7,9,12,15,33,34,37,40,58,61,73,90
0,8,12,13,29,33,69
0,14
0,9,29,33,35
9,17,19,21,38,89
23
4,9,17,37,67
0,7,9,13,16,19,20,34,40,69
0,9,17,29,35,37,40,54
0,14,34
0,7,21,90
0,7,16,21,29,33,35,42,58,62,98
8,9,10,14,21,37,73,74,79
0,5,6,7,10,11,13,16,17,21,35,37,38,40,54,73
34
0,7,8,49
34,
23,24,55
14,29
23
9,58
9,40
0,12,40,41,49,57,62
0,21,38,87
0,12,33,35,49,87
0,17,19,20,33,34,38,79
0
0,9,17,20,35,40
0,11,17,37,39,40,47,49,67
0,88
0
0,8,14,21,61
0,21,27,33,80
0,3,13,17,37,40,91
0,3,7,9,13,14,17,19,21,34,35,37,62,73
0,3,9,21,29,57,69
0,13,46
0,14,17,33,38,62
0,21,37,39,40
0,16
7,9,21,33,37,41,47,69
0,5,7,9,14,20,21,22,29,73
23
0,8,34
0
0,29,34,
0,14
23
0,5,8,9,17,19,21,29,35,38,39,40,41,47,58,62,73
23
21
0,3,53
0,5,16,21,34,35,71
0,3,10,12,34,61
0,3,22,34,35,54,
9,17,34,40,62
0,11,34
0,33,69
23
0,3,5,35,37,62,64
0,3,7,17,19,33,34,35,40,49,50,74
0,34
0,8,14,16,17,20,40,68,
0,8,21,62
0,3,7,34
0,3,8,13,16,21
0,4,7,8,17,33,35,38,54,58,73,74
0,17,21,22,41,54,61
0,3,7,17,19,33,34,35,40,49,50,74
29
3,6,7,9,19,37,50,54,66,73,87
0,4,5,21,29,33,34,39,47,71
0,7,16,20,21,29,44,66
0,21,37,38
0,8,9,21,34,40,53,73,79
0
0,16,17,21,22,54
0,17,37,49,54,90
0,7,29,34,35
0,7,8,17,19,20,21,22,39,90
0,9,12,33,34,35,40,73
0,8,21,34,37,38,40,47
0,7,9,16,17,22,37,54,69,74,79
0,7,58,62
0,3,14,17,21,33,35,41,62
0,62
0,21,22,35,46,76
0,3,7,17,19,21,29,34,35,37,42,66,67,69,78,84
0,8,9,17,18,57,58,68,87
8,9,17,19,21,22,29,34,37,45
23
0,3,5,8,16,17,21,22,34,36,37,40,50,61,62,87
9,29,34,49,61
0,10,14,37,41
0,15,17,28,33,34,37,40,58
0,21,37
0,9,16,29,34,35,38
0,7,16,20
0,7,8,20,21,29,35,36,49,54,74
34
0,7,8,9,13,16,17,21,34,35,38,39,40,57,62,74,87
0,17,21,29,49,50,65,73
0
0,9,
0
21,23,55
23
0,3,35,37,41,57,87
0,3
0,17
0,7,35,40,54
9,29,44,63
0,3,21
0,3,16,17,45,47,62
0,17
0,3,16,18,19,21,22,63,
0,3,9,29,35,54,
8,9,21,22,33
0,7,16,19,33,36,37,53,73,
0,3,29,34,35
0,7,16,19,33,36,37,53,73
0,4,7,18,29,34,49,87
0,8,14,37,54
0,8,33,34,71
0,3,17,40,49
0,3,5,7,16,22,34,40,41,54
0,7,9,20,21,29,35,54,66
0,7,13,54
0,3,7,20,34,49
0,3,9,14,17,22,29,41,69
0,8,16,18,20,34,49
0,3,17
0,7,16,21,29,34,35,37,87,
13,21,23
0
0,8,17,21,22,41,84
9,22,37,79
38
23
21,23
31
0,7,16,21,29,34,35,37,87,
23,55
0,14,17,35
23
0,9,29
0,8,14,17,19,21,26,29,37,41,62,79
0,8,33,40,41,71
0,3,17,22,40,90
0
0,33,34,66
0,46,71
0,3,34,35,37,40,54,62
0,17,33
0,62
0,21,66
0,5,7,31,34,35,37,41,79,84
0,7,8,21,22
0,9,19,34,40,45,62
0,7,37,40,62,64
0,3,9,17,21,22,35,38
0,14,17
0,19,21,33,40,62
0
0,7
0,11,17,19,22,29,37,66,69
0,29,31,34,40,78,110,114
0,8,9,16,19,21,28,37,41,53,58,69,73,74
0,8,11,17,33,63
0,3,5,6,7,13,17,33,34,40,41,45
3,9,35,40,41,62
0,7,12,18,21,34,73,79
0,7,17,20,21,29,35,37,38,40,41,69
0,7,11,17,29,35,37,61,70,91
0,21,29,33
8,12,14,15,18,19,29,33,35,42,61
0,5,8,9,17,34,37,61,73,90
0,3,8,16,18,21,29,37
0,9,17,21,40,41
0,8,14,17,21,22,33,37,38,41
0,4,7,8,11,21,29,31
0,7,14,72,79
9,33,34,37,58,98
0,7,8,16,17,33,34,35,38,41
0,17,19,20,21,29,33,37,40,90
0,7,14,17,22,29,33,35,41,63
0,7,17,34,49
0,7,15,35,54
0,19,40,58
0,4,14,17,33,35
0,5,17,21,34,37,54,79,85,
0,21,33,41,62
0,3,7,8,14,17,19,22,28,33,34,35,37,40,41,42,62,
0,14,29,31,68
16,23,50
0,7,9,21,22,29,34,35,36,54
0,5,16,17,21,37,40,41,58,79
0,57,63
0,3,20,21,34,35,37,42,65
0,16,17,21,31,33,40
0,16
0,7
0,33
0,19,37,38
0,29,35,87
9,17,40
0,29
0,7,9,37,40,49,54,69
0,4,21
0,3,21,33,37,48,54,87
0,7,33,58
0,7,12,16,33,35,37,41,54,74
0,3,4,9,14,17,41,60,71
0,34
3,5,6,8,17,19,29,35,37,73,79
0
0,3,14,15,20,37
29
55
0,3,8,19,27,33,35,
9,17,20,21,33
0
7,9,16,31,34,40,49,97
0,3,34,35,73
26,29,49
0,16,96
0,14,21
0,3,35
0,18,33,41,62,74
0,17,29,34,40,80
0,5,8,16,34,49
0,8,17,20,35,36,74
0,3,9,14,18,40
0,9,16,29,33,37,60
0,16,17,21,33
0,29,31,37,49,50,53
0,5,8,14,29,58
0,8,21
9,13,14,34,35,73,79
0,8,11,33,54,79
0,7,34,52,60,115
0,5,9,16,21,40,79,87
0,8,11,33,34
23,64
0
0,7,8,13,16,21,29,34,35,110,114
0,3,16,17,21,22,29,33,34,37,87
0,3,29,34,35,53,64,73
0,3,8,17,28,33,34,35,38,40,80,87,
0,7,12,16,19,34,66,73
9,16,19,34,35,74
0,7,8,9,11,16,17,21,29,33,35,73,79,97,
8,9,14,33,34,37,40,62
0,3,9,14,17,40,60,63,73,87
0,7,16,21,34
0,7,22,34,35,61,62
0,7,14,16,17,34,38,41,61,62,73
0,7,14,35,36,38,40,69,73,
3,8,9,14,29,34,37
0,5,9,16,20,21,31,34,35,40,41,73,74
0,3,5,7,8,10,12,13,18,19,20,21,28,36,37,49,53,54,65,73,79
0,5,19,20,21,49,57,66,73,87
23
23
0
0,9,14,17,21
9,13,19,33,41,57,69
0,4,19,37
9,33,68
0,7,12,16,17,33,35,58
0,14,17,33,
0,3,8,14,34,40,49
0,7,9,34
0,4,9,20,21,36,49
0,7,37,41
0,3,5,8,9,20,21,37,61,69,111,
0,16,17,36,38,61,87
61
23
23
0
0,10,17,19,21,33,35,37,40,42
23
23
14,16,29
29
21,23,26,27,29
0,34,
0,9,14,34,68
0,34,73
0,14,17,37,69
0,16,17,18,19,21,33,34,37,38,40,62
3,7,9,15,31,37,47,52
0,3,12,21,35,41,53
0,8,9,15,17,21,33,37,40,49,79
0,3,7,8,11,17,33,35
0,8,19,20,29,33
0,28,35,37,38,82
0,17,21,38,39,41,70
0,3,5,8,9,20,21,37,61,69,111,
3,5,9,18,29,33,35
0,3,8,10,16,19,22,34,38,41,53,66,73,74
0,3,54
9,29,31,35,37,41,61,78,79
0,12,21,60
0,12,29,33,
0,8,9,14,19,29,87
0,8,13,19,21,35,39,40,54,62
0,3,4,9,33,34,37,38,40,54,73,78,87,91
0,8,17,21,22,29,70,74,87
0,11,17,19,22,29,34,38,66
9,13,17,19,21,37,39,45,49,63,79
0,8,9,14,17,31,33,41
0,7,8,11,16,17,21,37,38,49
0,68
0,8,14,17,34,40
0,29,34,
0,33,34,40,73
0,9,16,21,33,34,37,48,54,74
0,29,34,60,71
5,9,29,34,54,73
0,3,7,8,14
0,12,16,20,29,35,58,61,73
34
31
0,3,9,35,61
0,14,17,20,22,33,54,61,87
0,8,17,20,21,33,39,40
0,17,35,37,40,69
0,29
0,21
0,3,34
0,7
0,8,9,10,16,31,33
0,7,9,22,46
0,7,21,33,34,84
0,14,17,19,29,34,35,37,40,49,53,57
0,8,53,58
0
0,8,17,21,34
0,3,21,33
5,8,9,17,21,40,41,87
0,9
0,7
0,9,14,21,22
0,5,29,34,35,40,66
23,92
21,23
0
23
55
23
0
0
23
0,10,14
0,21,47
0,8,13,22,33,34,37,40
0,8,31,71
0,9,21,33,46,61,71,
0,3,9,17,21,34,35
0,9,34,62
13
0,3,9,17,19,34,37
0,3,7,14,19,29,34
3,9,17,19,22,34,37,41,106
0,4,9,11,20,35,47,66,97,
0,4,7,17,33,34,38,41
7,8,14,17,19,33
0,8,14,17,21,33
0,9,17,21,27,78
7,8,19,34
0,35,37,49,90
7,9,16,17,21,33,38,
0,9,13,58,71
0,7,13,29,34,41,57,87
3,8,12,14,21,58,69
0,7,8,16,17,19,29,34,41,45
0,16,21,34,
0,33,40,47,71
0,7,13,29,34,41,57,87
0,5,21,22,27,33,37
0,13,40,56,79
0,16,21,33,40,47,58
0,5,7,12,22,27,34,35,61,62
0,8,9,13,14,17,49,62,87
0,7,35
0,3,8,9,12,13,34,35
0,5,6,8,17,19,22,33,34,40,54,61,67,73,74,79
0,8,11,16,21,34,39
34,58,61
0,5,29,37,68,73
0,21,35,41,80
0
0,34
0,3,7,10,20,21,29,31,37,49,57,87
0,7
8,9,12,14,17,29,35,40
0,17,20,29,
0,7,8,17,29,37,41,45,74,78,87,89
7,34,
0,9,17,34,73,79
0,35
0,14,21,34,35,37
0,3,7,18,29,34,40
0,7,33,35,37,38
13,16,21,23,41,64,74,79
0,8,9,12,17,34,37,40,47,72,74
0,3,66,80
21,23,65
7,23
55
23
23
23,29
0,3,21,33,72,104
23
0,8,16,17,18,34,57,74
0,7,9,29,53,63,85,
3,9,82
7,17,37,74
3,5,9,17,18,33,35,67,79,
0,6,9,21,38,40,68,73
0,11,17
8,9,37
0,8,14,21,29,33,34
0,8,20,21,29,33,37,40,41,69
0,7,14,41,114
0,8,17,34,61,79
0,9,17,22,33,61
0,3,20,21,29,34,
20,
3,9,11,13,17,47
0,4,21,41,58,66
0,3,17,34,49,69
0,7,12,16,33,35
8,9,17,18,62
0,7,14,16,17,22,29,33,35,39,54,62,97,
0,
0,5,20,29,34,66
0,3,7,8,13,18,20,34,35,69
9,19,21,33,35,49
23
0,8,9,21
0,14,17,21,29,35,40
0,8,16,20,21,33,35,38,67
0,17,20,21,37,57
8,9,17,21,33,34,38,39,40,41,61,73
0,20,39,54
0,16,18,20,35,54,79
34
0,7,9,13,28,29,34,69,79,104
0,7,8,21,34,35
0,7,14,17,21,22,36,41
0,3,7,20,29,46
0,8,33
0,7,8,14,20,21,29,33,34,49,53,62,73,79
85
0,13,33,39,40,54,58,73
0,8,34,35,54,58,
0,16,17,21,22,38,40,85,114
34
0,5,8,14,16,17,20,21,22,28,29,31,34,38,41,64,67,73,
0,3,5,29,35,42,58,61,73,85
23
0,7,9,16
0,3,17
0,3,8,71
0,21,35
0,7,17,33,40
0,14
0,9,22,35,37
9,16,29,33,41
0,7
0,7
0,4,14,22,29,41
0,19,38,63
0,7,38,57,69
23
0,8,37,49
8,9,17,20,33,35,49
23,
0,71
23
0,7,19,20,21,40,49
0,3,8,21,38
0,8,29,33,61
0,6,7,10,17,35,37,38,41,57,66,69
7,9,12,13,33,35,62,66,74,87
0,3,4,37,49,52,62,103,111,
0,17,19
0,3,21,34,35,51,60,67,80,110
0,4,9,11,13,17,19,20,29,40,73,79,84,87
0,12,33,35
7,13,21,49,79,112
0,8,10,11,17,34,74
0,5,7,9,12,35
23
0,7,9,10,12,14,16,34,35,49,54,73
0,8,17,21,29,33,
23,29
23
23
26,29,31
26,27,29
0,35,58,73,106
24
23
0,17,33,87
0
0,21,35,73,87
0,8,17,21,29,33,34,38,40,48,73
0,3,9,35,48
0,7,9,16,33,35,38,40,69
0,7,14,17,18,34,35,37
0,4,17
0,3,34,35,47,79,90
0,3,9,15,19,21,29,33,36,40,62
0,3,8,13,17,19,20,40,57,90
0,9,
0,21,41
34
0,8,13,14,16,17,26,29,33,34,37,40,41,45,49,53,62,70,73,78,
3,37,42,53
0,21,33,35
7,9,33,38,39,49,82
7,9,16,35,36,66,69,73,79,83,95
0,3,8,11,17,22,41,69,74
0,3,21,34,35,40,47,49,61
7,9,19,35,108
3,8,35,37,40,41,62,69,74
3
0,5,7,10,14,16,20,21,34,35,57
0,21,35,39
0,13,21
0,7,34,49,74,78,79,89
0,7,13,21,29,35,49,54
0,12,21,34,35,40,58,68
0,9,11,34,54,62
8,9,13,19,20,21,22,40,45,65
0
0,3,4,7,8,16,17,21,22,35,37,40,41,50,66
0,4,5,9,16,17,34,40
0,3,8,21,22,35
0,7,21,29,33,58,
0,3,12,14,16,17,22,29,33,35,49,54,62
0,3,8,13,21,29,37,74,79,84,
0,7,13,40,57
54,62
0,9,13,17,19,20,21,29,40,67
9,21,34,38,49,63
0,3,7,35
0,4,34,35,38,61,71,80
0,17,22,29,33,39
0,5,14,16,29,33,34,35,40,41,54,61,87
0,7,34,54
0,16,77
3,8,9,14,17,21,37
0,7,34,49,73
0,9,14,17,19,20,33,34,35,37,57
0,16,19,33,35,36,38
0,3,8,12,14,29,33,35,67
0,16,17,21,35
0,7,9,50,64
0,8,12,72,77,94
0,7,21,33,35,40,47
0,12,21,34,
0,8,17,33,35,37,40,41,53,54,73,79
7,9,35,73,87
0,9,14,17,21,33,34,35,40,54,74
0,9,17,19,21,34,37,39,45,62
0,5,7,16,33,34,35
0,7,33,71
0,8,9,13,17,19,34,35,37
8,9,16,19,34,37,39,41,62
0,5,7,9,17,34,62
0,8,12,15,21,28,29,33,34,35,54,73
0,5,8,16,17,21,34,35,39,49,69
7
0
21,23,26,27,28,31
0,8,58
9,
0,9,18,21,38,41,85
0
0,40
0,8,9,14,17,19
0,17,21,22,40,45,
9,16,17,18,29,40,48,49,63
0,21,41
23
8,9,12,14,17,21,28,33,58,79
0,4,7,8,9,13,16,18,49,54,57
0,3,19,21,40,48,
0,4,8,9,11,19,37,38,57,62
0,4,33,38,54
0,14,21,34,35,40
0,4,14,17,47,57
0,8,14,17,18,21,37,57,69
0,8,14,34,38,40,66
0,17,38
0,13,17,40,58,84
9,16,17,39
0,16,40
0,3,12,21,27,28,29,50,58,85
9,27,71,88,
0,17,19,21,29,37,41
23
8,9,17,22,33,37,40,54
0,8,10,16,17,21,22,31,37,39
0,3,5,7,8,11,18,38,53,57,58,63
55
0,15,29,35,37,53,73,87
8,9,14,34
0,3,7,9,29,35,37,78,84
0,9,14,17,41,54,73
0,7,8,9,21,35,61,108
9,16,17,33,34,35,40,79,87
9,11,35,57,87
0,3,17,18,34,35
23,40,55,74
23
0,49
0,35,89
23
23
23,
29
0,3,86
29
23,29
9,55
23
0
0
0
21
23
23
23
23,55
0,16,17,40
23,29
23,
0,82
23
0
23
0
0
0
23,42,50,55,74
21,23
3,9,35,58,73
23
0
0
4,8,29,33,35
16,17,21,22,23,29,42,55,74
23
30
7
0,4,8,16,33,46
0,21
0,7,8,21,62,79
0,13,21
0,3,9,19,20,21,29,38,45,108
0,8,17,21,37,45,70,73,87
14,21,23,24,42,65
0,9,57
5,7,9,21,22,27,34,35,50,61,79
0,8,13,17,20,37,41,53,58,61,67,97
0,7,17,29,35,62,74,78
0,8,45,70
0,7,34
0,9,35,58
0,4,8,16,21,22,33,41,71
23
23
0
0,12,21,22,73
0,3,8,11,17,33,34,35,40,48
9,13,29,58,73,85
0,3,5,9,19,35,37,58,61,73,79
0,16,21,29,33,63
0,4,8,17,33
0,16,21,35,42,62,66,87,
0,5,14
0,19,34
0,9,14,28
0,3,7,8,13,14,17,19,41,45,62,91
0,8,17,21,33,69,90
0,29,49,54,60,73
0,17,21,57
0
0,3,4,7,9,17,19,49,73,97
0,3
34
0,8
0,3,7,12,17,29,34,35,42,50,54,67
0,35,46
0,7,9,21,29,34,35,80
0,7,80
0,3,5,6,7,9,34,35,37,62,69,73,98,99,
0,7,9,21,29,34,35,80
0,5,8,9,16,17,19,21,22,33,73
0,7,8,9,14,21,29,33,34,35,62
0,3,5,6,21,38,41,73,87,97,
9,13,19,22,44
0,3,14,21,33,35,40,61
0,12,16,35
0,26,34,35,37,62,71,101
0,7,8,9,10,11,16,17,19,29,37,38,39,40,42,50,57,73
0,17,22,58,
0,8,16,17,29,34,37,39
0,33
5,6,7,8,9,29,34,35,37,42,62
0,8,16
0,5,7,9,11,16,34,35,79
0,5,12,21,22,33,34,35,40,47,58,61,70,73
34
55
23
14,23
12
41
23
29
0,12,21,40
0,3
0,3,8,17,21
0,7,8,16,17,18,19,34,35,37,40
0,7,21,34,37,40,67
0,12,34,35,37,40,74
0,3,8,17,21,66
0,3,8,9,10,13,21,28,36,40,50,54,65
0,7,34,41
23
0,8,10,14,17,34,41,79,87,114
0,3,27,34,66,69,71
0,10,14,37,41,62,79
0,8,17
0,8,14,17
8,9,21,29,38,40,47,
0,17,40,97
0,8,17,21,29,37,54,58,68
0,3,8
23
0,16,40,49
0
0,3,7,34,50,65,78,84
0,7,8,11,34,40,49,87
0,3,78
0,3,9,34,37
0,7,8,18,19,21,22
0,3,8,21,29,40
0,7,14,17,41
0,9,12,16,21,34,35
0,7,8,21,58
0,9
0,4,7,10
0,3,9,34,37
0,9,29,97
14,55
0,8,14,17,38,78,84,91
68,
0,21,34,35,80
23
23
0,35,37,38,39,41,68,73
23
23
55
34,
0
0
23
21
0,3,34,37
0
23,29
23
0,9,40
23
0,19,90,
0,7,8,18,33,90
0,5,7,9,17,29,34,37,62
0,4,7,34,37
0,17,40,70
0,6,17,19,33,39,40,41,90
0
0,5,17,21,63,102
0,4,7,9,13,29,34,38,41,87
0,3,21
23
0,9,33
0,5,7,14,21,29
0,35
0,7,21,35
0,17,35,66
0,7,9,12,19,20,26,33,34,35,37,62,87
0,7,33,49
0,9,14,17,21,41
0,7,8,11,14,16,21,29,33,36,58,73,79
0,3,7,9,17,34,37,39,40
0
0,7,18,34,35,57
0,3,7,14,21,37,41,57,62
0,13,17,21,33,35,37,79
0,3,11,14,29,37,40,41
0,8,9,13,14,21,22,35,38,41,58,66
0,14,34,42
0,7,8,16,33
9,16,19,49,71
23,26,27,31
0,3,4,5,17,21,41,47
0,4,8,9,17,21,22,29,35,37,40,53,87,97
0,29
0,21,31,33,34,49,79
0,9,14,21,22,33,58,61
0,8,14,16,17,21,36,38,39,41,74,79
0,5,13,21,29,34,37,40,73,84,90
0,16,17,20,35,36,40,67,73
0,7,35
0,3,7,9,13,29,35,91
0,9,12,21,33,37,38,54
0,7,29,34,35,49
3,9,37,42,74
0,4,9,47
0,7,8,14,21,22,33,34,41,54
0,14,17,21,22,29,34,40,49,79
34
7,9,14,33,45,46
4,8,9,14,16,17,33,40,79,89
0,16,34,37,41,66,110
0,8,17,21,33,34,38
0,13,29,33,34,39,40,73
0,8,10
0,3,7,11,16,29,37,73
9,16,37,66,73,95,109,
0,16,20,34,37,73
23
8,9,20,29
0,9,16,17,21,33,35
0,16
0,17,21,38,79
3,8,9,11,16,21,22,45,87
7,9,19,29,33,54,57
0,12,32,33,35,47,49
0,8,17,37,90
0,3,11,19,21,29,35,37,38
0,3,21,35,58
0,9,112
0,16,17,21,37
0,53
15
0,9,17,71,84,101
0,33,34,
0,3,7,15,19,33,34,35,87
23
23,29
23
23
23,55
16,24,49
23
0,7,19,87
0,16,17,29,
0
7,8,9,35
0,21,34,35
0,7
7,9,16
0,34,40
0,29,69
9,16,17,33,35
0,11,20,21,29,34,90
34
0,9,21,34,35
0,3,19,38,45,62,71
0,3,16,29,50,58,66
0,3,9,21,29,34,40,74,84
0,33,72
0,9,16,21,22,29
0,17,18,33,38,39,49,87
0,7,10,29,33,35,37,41,79
0,3,9,16,29,33,34,41,57,87
0,7,21,29,33
0,3,8
9,21,33,49,54,79
0,14,16,41,54
0,5,7,8,9,16,29,33,35,38,40,54,73,97,
9,16,33,37,49
0
0,16,18,33,35,40,58,61
0,9,19,21,35,40,54
0,21,33,35,40,47
0,5,19,34,39,40,47,62,66
8,9,11,16,19,21
0,29,90
0,5,7,8,27,34,35,40,73
0,5,7,9,17,33,34,37,38,40,54
0,3,6,8,14,16,21,29,33,38,79
0,4,8,12,16,17,18,21,33,34,35,37,49,63,79
0,8,14,53,
0,4,5,8,9,16,17,21,29,33,34,35
0,3,8,13,34
0,8,16,19,21,35,62,65,69,73
8,17,18,58,69,73,74
0,7,12,16,33,34,35,73,79
0,8,19,21,34,35,37,82
0,9,21,34,35,54,58,
0,13
8
9,13,17,29
0,9,12,18,19,21,40,49,66
0,9,33
23
0,3,8,17,28,33,37,38,79
0,7,9,11,29,37,42
0,3,29,35,37
0,3,7,15,29,33,34,35,42,87
0,11,29,33,35,37,40
0,48,49
0,33,61
0,21,110
0,3,7,9,12,14,15,16,17,28,29,33,37,38,54,74
0,3,7,11,37,54,74
0,16,19,37,57,58
0,8,13,17,33,40,54
0,8,11,16,17,19,62
0,3,8,9,17,19,20,29,33,37,50,74,78,84,106,
0,8
86
0,7,22,33,35,40,53,74
9,21,34,49,53,73
0,3,6,17,20,21,22,29,33,34,35,37,49,52,54,61,62,73,82
0,7,17,19,26,35,37,40,49,66
