0,1
0,1,2,3
3
4
3
3,
4
5
5
6,7
8,9,10,11,12,13,14
9,10,12,14,15,16
8,9,14,16,17,18,19
8,9,11,14,18,20,21,22
8,9,11,13,14,16,20,23
8,9,11,14,20,23,
8,9,14,19,22
8,9,14,21,22
13
8,9,11,14,19
8,9,11,13,14,22,24,25,
8,9,11,14,20,22,26
8,9,11,14,22,27,28
8,9,14,17
8,9,11,13,14,22,26,29,
6,8,9,11,14,16,19,21,22,26,30
8,9,11,14,19,22
8,9,11,14,19,
8,9,14,16,22,23,28
8,9,11,14,31,
8,9,14,16,28
8,9,11,14,21,22,26,28
8,9,11,14,16,22,26,28,30,32
8,9,13,14,21
9,14,21,26,29,33
8,9,14,22,31
9,14,21,26,29,33
9
8,9,14,16,28,
9,11,14,15,21,22
8,9,11,14,16,22,26
8,9,11,14,19,
8,9,14,20,22,23,26,29
8,9,14,26,29,31
8,9,14,27,
8,9,11,14,21,23,
8,9,14,19,20,21,23,26,27,29,
8,9,14
8,9,14,22,31
8,10,12,14,22,32,34
8,9,14,16,19,22
8,9,14,35
8,9,14,22
8,9,11,14,21,22
8,9,14
8,9,14,19,29,
9,14,22,26,32,33
8,9,13,14,36
8,9,11,14,21,26
8,9,14,22
8,9,11,14,22
8,9,11,14,26
8,9,14,26,36
9,13,14,22,32,33
8,9,14,21,22
8,9,14,22,35
9,14,15,22,26,29,
8,9,14,35
8,9,14,17,21,22
8,9,11,14,20,21,22,36
14,21,22
8,9,14,16,21,27
9,14,15,29
9,13,14,15
9,14,22,37,38
9,12,14,15,20
8,9,13,14,22,26,28
8,9,14,17,21
8,9,14
9,14,19,33,39
8,9,14,20,22,27
2,9,14,26,37
9,11,12,14,19,20,22,33
8,9,12,14,21,40
13,28
19
8,9,14,22,26,27,
9,14,16,20,21,23,26,33,34,41,
8,9,14,16,21,22,23,34,35
2,8,9,11,14,19,26
8,9,14,22,40
9,14,21,23,26,33,34,
9,14,19,22,23,26,33,41
8,9,14,19,22
8,9,14,19,32,40
2,8,9,14,22,34
8,9,14,18,19,22,23,27
8,9,14,19,20,23,39,
8,9,10,12,14,26
8,9,14,19
8,9,14,16,20,27,
8,9,14,22,27
8,9,14,28
8,9,14,19,26,40,41
8,9,14,15,21,22,23
8,9,12,14,19,
8,9,14
8,9,11,14,29,34,35,40,
8,9,14,21,25,26
8,9,12,14,19,33
8,9,14,19,26,29
8,9,12,14,22,
16,40
8,9,14,16,22,33,40
9,14,22,37
8,9,14,21,22,31
9,12,14,22,33
9,13,14,15
8,9,14,20,21,22,40,
8,9,14,21,22,26,31,40
8,9,12,14,21,22
9,14,19,22,37,40
8,9,14,20,22,26
14,15,22,26,32
8,9,13,14,16,26
8,9,14,22,26
8,9,12,14,19,22,26,30,32,
8,9,14,22,28,29,
8,9,14,16,22,23,26,27
9,14,15,27
13,23,
9,13,14,15
8,9,11,14,16,21,22,26
8,9,14,19,22,40
8,9,14,26
8,9,11,14,16,21,22,26
2,9,14,15,26
8,9,11,14,19,21,40,41,
8,9,14,21
8,9,14,16,27,40
8,9,14,19,21,22,26,33
8,9,11,14,19,21,22,26
8,9,11,14,22,31
8,9,11,14,19,22
8,9,11,14,19,
8,9,14,20,26,32
8,9,11,13,14,22,26
8,9,14,22,26,27,40
8,9,13,14,16,21
9,14,15,16,22,26,28,42
8,9,11,14,22
8,9,14,19,21,22,31,34
8,9,11,14,21,22,26
8,9,13,14,16,42
9,14,15,19,20
8,9,11,14,21,22,27,29,30,40
8,9,14,22
8,9,14,16,19,21,22,25,26,31,
8,9,14,19,22,32
8,9,14,22,
8,9,14,21,22,23,26
9,14,15
8,9,14,16,22,26,28,32,36
8,9,14,16,21,22,26,29,30
8,9,14,16,22,30
9,11,14,15,16,21,22,26,36,39,42
34
8,9,11,14,22,35
9,14,21,22,26,29,33,35
9,14,15,19,22,24
8,9,14,22,29,36,
8,9,11,14,19,21,22,43
19
14,19,22,29,34
8,9
8,9,14,21,26,28,32
14,19,22,29,34
8,9,11,14,19,22,26,32,35
8,9
8,9,11,14,21,22,26,29,31
9,14,22,23,26,33
8,9,11,14,22
9,14,15,20
8,9,13,14,16
8,9,11,14,19,
14
12
8,9,11,14,19
8,9,14,16,22
8,9,14,30,
11
8,9,14,19,21,27,30
19
8,9,14,16,19,22,32
8,9,11,14,16,22,26
8,9,14,16,21,22,30,32
9,14,21,22,26,44
8,9,14,22
9,11,14,16,22,33
9,14,33
8,9,11,14,22
8,9,13,14,16,20
8,9,11,12,14,21,22,26,36
8,9,11,14,16,19,36
8,9,14,26,45,
8,9,13,14,22,34
8,9,14,17,21,22
8,9,14,21,22,26,30,45
2,8,9,11,14,22
8,9,11,14,21,26,31
8,9,11,14
8,9,11,14,19,
9,14,27,37
8,9,14,22,31,32
8,9,11,14,16,22,26
9,12,14,15,22
9,11,14,17,21,22,26,28,44
8,9,13,14,21,23
9,13,14,15,21,23,
22
8,9,14,21,26,27,32,38
8,9,14,27
8,9,11,14,21,22
8,9,14,16,21,30
8,9,14,31
9,14,15,16,21,26
8,9,14,19,21,22,34
8,9,11,14,32
8,9,14,19,21,22,26,27,
9,14,31,33
8,9,14,21,22,34,35
9,14,19,22,32,33,36
9,10,11,12,14,15,19,22
9,14,15,16,28
8,9,14,19,40
8,9,14,16,21,22,26
9,14,15,22,23,
2,8,9,11,14,16,21,22
9,14,15,16,22,26,32
9,11,14,15,22,26,27,34,35
9,13,14,15,16
8,9,11,14,19,23,
8,9,11,14,19,21,28
8,9,14,17,19,21,22
8,9,14,21,22,29,
2,8,9,11,14,19,22
2,8,9,14,22,23,
21
8,9,14,16,26,45
9,14,15,16,19,21,22,26
9,14,21,26,37,
8,9,11,14,19,26,28,32,46,
9,14,15,22,29
8,9,11,14,16,20,22,23,28,30,33,46,47,
8,9,14,17,21,22,27,
12,16,28,46
8,9
9,14,19,21,33,34
8,9,11,13,14
8,9,14,26
8,9,14,20,22
8,9,14,16
11
9,14,15,16,20,22,26
8,9,13,14,16,20,22,26,40,45
8,9,11,14,21,22
9,14,15,22,26,32
8,9,11,14,34
9,14,16,21,22,26,28,32,37
8,9,11,14,17,18,19,21,22,26
8,9,14,22,32
9,14,15,16,22,32
8,9,14,16,
8,9,14,20,21,28,30
9,12,14,15,21
9,14,16,22,33,40
8,9,14,16,21,22,28
8,9,13,14,20,21,22,27,28,30
8,9,14,16,21,28
8,9,11,14,29,
2,9,14,21,33
9,11,14,15,22
8,9,14,17,21,22,26
8,9,14,21,22,26
8,9,11,14,26
8,9,11,14,21,22
8,9,14,21,22,29,
8,9,11,14,19,22
8,9,11,14,22,32
8,9,14,26
9,14,15,16,31
8,9,11,14,19,22
9,14,22,31,37
8,9,14,29,31,45
8,9,14,19,21,22,26
2,8,9,14,21
8,9,11,14,20,22
9,11,14,15,19,22
8,9,11,14,16,22
8,9,11,14,22
8,9,11,14,22
9,14,31,37
9,14,15,22,26,31
8,9,14,19,21,22
8,9,14,21,22,26,29,
9,11,14,15,16,21,26
8,9,14,16,22
8,9,11,14
8,9,14,18,19,22,
9,11,14,15,22,26,27
9,14,15,20
8,9,14,17
9,14,33,36
8,9,14,18,20,22
8,9,14,21,22,23,34,35
8,9,11,14,19,21,22,25
27
8,9,14,21,22
8,9,11,14,19,22
9,14,15,17,26
8,9,14,21,31
17
2,8,9,11,14,22
9,14,15
9,14,15,19
8,9,13,14,17,26
8,9,11,14,21,22,26,27,37
8,9,14,22,26,39,40
8,9,14,21,22,31
8,9,11,14,19,21,26
8,9,11,14,19,21,48
9,11,14,15,22,23
19
9,11,14,15,19,21
2,8,9,11,14,17,21,26,35,40
8,9,11,14,21,22,26,28,39,
8,9,11
9,11,14,21,34,37,
8,9,14,19,21,26,27,28,
9,11,14,15,23,26
8,9,14,19,21,22
8,9,11,14,19,21,22,28
8,9,14,16,22,29,
8,9,11,14,22
8,9,14,19,22,
11
8,9,14,19,22
8,9,11,14,20,22,23,26,45
8,9,14,19,22
8,9,11,14,22,28,30
9,14,15
9,14,37,45
9,11,14,15
9,14,21,29,33,38
8,9,12,14
8,9,14,17
8,9,11,14,22
8,9,13,14,16
8,9,14,22,26,31,45
2,8,9,14,21,22,26,29
8,9,14,19,26,30
8,9,11,14,21,22,26
2,8,9,14,21,22,35
8,9,14,21,30
8,9,14,17,21,22,26
8,9,11,14,21,22,26,35,39,
9,11,14,15,19,21,22,26,41
9,14,21,37
9,14,19,22,33
8,9,14,19,22,26
8,9,11,14,21,22,26
8,9,14,21,22,30,32,46
8,9,14,19,26,34,
19
2,8,9,14,21,27,
8,9,14,22,45
19
8,9,11,14,22,39,
27,
8,9,14,22
9,13,14,15,19,22
8,9,13,14,16,21
8,9,14,27,
20
8,9,11,14,21,22
8,9,14,16,21,22,26,34
26
13
8,9,11,14,21,26,29,
8,9,11,14,21,22
16
8,9,13,14,19,21,22
8,9,14,19,22,26
9,11,14,15,26
8,9,14,16,19,21,22,41
8,9,11,14,22,26,32,39
8,9,14,17,22,26,29,31,33,45
8,9,14,17,19,26
9,14,19,26,30,37
8,9,14,19,30
8,9,11,14,22,30
8,9,14,21,22,26,30,39,
8,9,11,14,19,22,26,39,
8,9,11,14,19,21,22,26
8,9,14,20,26,34
9,11,14,15
8,9,11,14,21,22,39,
8,9,11,14
9,14,15,20,22
8,9,14,19,22,31
2,8,9,11,14,19,21,22,26,30
8,9,14,19,21,28,29
8,9,14,16,19,22,26
8,9,11,14,22,29
9,11,14,15,19,22
8,9,14,16,19,22
8,9,11,14,19,21,22,39
8,9,14,19,21,22,26
8,9,13,14,16
9,11,12,14,22,26,27,33,34
8,9,11,14,21,26,29,
8,9,11,14,21,22,26,29,32
8,9,11,13,14,32
9,11,14,15,19,22
8,9,11,14,21,22,26,29,32
9,14,15,21,22,29,30
8,9,14,20
8,9,11,14,22,27,
8,9,11,14,19,21,22
9,13,14,15,19,21,27
8,9,11,13,14,22,28
8,9,14,16,21,22,39,
8,9,14,21,26,29,31
8,9,14,16,23
2,8,9,14,15,21,22,26,27,31,34
8,9,14,19,
8,9,14,22,23,36,39,
9,14,15,17
8,9,14,19,35
9,11,14,15,29
8,9,14,16,21,22,32
2,8,9,14,22
8,9,14,21,26
8,9,14,20,21,22,30
9,11,14,26,28,33,44
9,14,15,21,22,45,
8,9,14,22,26,28
8,9,14
8,9,11,14,21,24,45
9,14,21,22,33,45,
9,11,14,15,22
8,9,14,22,26,45
8,9,14
31
8,9,14,17,21,22,26
9,11,12,13,14,15,22,
9,11,14,22,44
9,11,14,15,21,22,31,33
8,9,11,14,22
9,14,21,22,37
9,11,13,14,22,30,32,33
8,9,14,17,21,26
49
8,9,14,22,26,50
8,9,14,17,22,26
9,14,15,21,22,45
8,9,11,14,21,22,26,29
8,9,14,21,22,45
8,9,14,21,22,23,26,30
9,11,14,26,44
9,11,14,20,21,22,33
9,14,19,21,37
8,9,14,18,19,21,22,26
8,9,11,14,19,22,26,30,32
8,9,11,13,14,21,22,26
8,9,14,19,22
8,9,11,14,21,22,31,33
8,9,10,12,14,21,22,26
8,9,13,14,16,22
8,9,14,19,21,22,28,34
8,9,11,14,22
8,9,14,23,26
9,14,15,16,21,22,26,28
9,14,21,26,37
9,14,16,18,21,22,28,33
8,9,11,14,16,22,26
8,9,14,21,22,23,26,28,30,49
8,9,14,21,26,32
9,14,19,21,33
8,9,11,12,14,16,21,22
9,12,14,21,22,26,27,33
9,14,19,21,32,37
8,9,14,21,51
8,9,11,14
8,9,13,14,22,23,26,28
9,14,20,21,22,23,33
9,14,15,22,29,30
8,9,11,14,15,19,
8,9,11,14,18,19,21,22,26
8,9,11,14,19,22,32,
8,9,14,16,22
8,9,14,19,
8,9,11,14,21,22,27,35,
8,9,11,14,19,22,51,
8,9,11,14,16,26
8,9,11,14,19,20,22,27,30
9,11,14,21,22,29,33,36
8,9,12,14,19,21,22,26
8,9,11,14,27
8,9,14
9,14,21,22,26,27,33
9,14,16,22,37
9,11,14,15,19,24,
8,9,14,28,
8,9,11,13,14,22
8,9,14,16,20,21
9,12,14,15,21,22,26,38
2,8,9,11,14,21,22,26
2,9,14,21,37
8,9,14,16,20,22,26
8,9,11,14,21,22,26,32
9,11,14,37
9,11,14,21,22,37
2,8,9,11,14,21,22,26
8,9,14,21,22,26,45
2,8,9,14,22
8,9,14,22,31
8,9,14,19,21
8,9,11,14,19,22,26,35,36
8,9,11,14,16,21,22
8,9,11,14,20,22,26
9,14,21
8,9,14,19,22,29,30,34
9,11,14,15,22
8,9,14,16,46,
8,9,11,14,21,22,26,28,
8,9,14,26,45
8,9,14,22,27,29,
13
8,9,14,22,26,29
6,9,11,14,19,21,22,26,38,44,49
8,9,14,18,21,27,
9,11,13,14,19,22,26,33
8,9,14,17,21,22,41
8,9,14,16,22
9,13,14,15,32
8,9,11,14,20,21,22,26
8,9,14
8,9,14,22,26,32,36
8,9,11,14,21,30,
11
8,9,11,14,21,22
8,9,14,32
8,9,14,19,21,22,26
9,14,15,21,22,26,39,
9,37
8,9,11,14,16,21,22
8,9,11,14,19,21,22
8,9,11,14,22,26,35,41
8,9,14,19,21,22
8,9,14,19,21,22,30
8,9,11,14
8,9,14,20,21,26,32,
8,9,14,22,24
9,14,16,19,21,22,37
9,11,14,21,22,26,37
8,9,11,14,22,32
9,13,14,15,22,23,32
8,9,14,22,24,
8,9,13,14,29,31
8,9,14,19,21,35
8,9,11,14,16,21,22,23,
9,13,14,15,19,21,22,
2,8,9,14,21,22,26
8,9,14,22,24,
8,9,11,14,19,22
8,9,12,14,21,22,23,26,39,
8,9,11,14,21,22,23,26,31,36,39
8,9,14,20,29
2,8,9,11,14,19,21,22,26
9,14,28,37
8,9,11,14,19,21,34
8,9,14,17,19,21,26
8,9,14,31,39
8,9,14,16,21,22,23,
9,14,15,21,22,23,27,33,36
9,14,15,19,22
11
2,8,9,11,14,16,17,19,22,26
8,9,11,14,22,26,27
8,9,13,14,22,26,30
8,9,11,14,19,21,26,27,
8,9,11,14,19,46
8,9,11,14,21,22,23,26,35,39,
8,9,11,14,16,22,
8,9,11,14,21,22
8,9,11,14,20,22,
8,9,14,20,22,26,30,36
8,9,14,16,28
8,9,14,15,27
8,9,14,16,21,22,26
9,14,15,21,22,28,30
8,9,14,21,22,25,26,46
8,9,14,22,25
9,11,12,14,15,19,21,22,26
8,9,11,14,16,20,21,28
8,9,11,14,22,26,31
9,11,14,15,46
8,9,11,14,19,21,22
8,9,14,19,21,31
2,9,14,21,22,26,37,51,
8,9,14,16,22,26,30
9,14,37
8,9,14,22,26,31,46
8,9,11,14,22,32
9,11,14,21,22,37
8,9,11,14,22,32
9,11,14,21,22,37
8,9,14,20,21,22,29,
8,9,11,12,14,29,34
9,14,21,26,27,32,37
8,9,11,14,21,22,29,32
2,8,9,14,23
8,9,11,13,14,16,22,26
2,8,9,11,14,21,26,30
8,9,11,14,19,
9,11,13,14,19,22,33,35
8,9,11,14,21,26
9,14,15,22,26,31
8,9,14,22
8,9,11,14,19,22,26
8,9,11,13,14,22,26,39,
2,8,9,14,17,21,22,31
8,9,14,16,22
8,9,14,17,19,21,22
8,9,14,22,29,32
8,9,11,14,22,46
8,9,12,14,21,26,28,
8,9,14,22,31
8,9,13,14,16,22,26
8,9,11,14,16,19,21,22,26
8,9,11,14,21,22,26,28,32
8,9,11,13,14,22,26,27,
9,14,19,22,33,
8,9,12,14,21,22,26,34
8,9,11,14,19,22,26
8,9,11,14,26
8,9,11,14,21,22,26,28,30,34
8,9,11,13,14,22,26
8,9,11,14,16,22,26
8,9,11,14,18,21,22
8,9,11,14,22,26,31
2,8,9,14,22,26,32
8,9,14,21,22,27,30,46
8,9,14,22,26,31
8,9,14,19,22,27,
8,9,11,14,22,29,31
8,9,13,14,21,22
9,14,15,19,21,22,28
8,9,14,16,19,35
8,9,14,17,22
9,14,20,22,26,27,33
8,9,11,14,22,26,31
9,14,17,20,22,33,39,
8,9,11,14,22,26,30,32,39,
8,9,11,14
8,9,14,20,22,26,28,51
9,11,14,17,22,26,33
8,9,14,19,21,22
9,14,19,22,26,28,33
8,9,12,13,14,19,21,35
8,9,12,14,16,22,26
9,11,14,15,21,22
9,12,14,15,16
9,14,15,21,22,45
8,9,13,14,16,21,22
8,9,11,14,16,21,22,45
9,11,14,17,21,22,26,32,33,
8,9,14,22,31,45
22
2,8,9,11,14,16,17,26,31
8,9,11,14,22,26
8,9,11,14,21,22,32
8,9,11,14,21,22,32
8,9,14,17,22,26
9,14,15,21,22,26,45
8,9,14,19,21,26
9,11,14,15,17,22
9,14,19,21,22,26,33,35
8,9,11,14,22,26
9,11,14,16,21,22,33,
9,14,15,45,
8,9,11,14
9,11,14,21,22,26,28,33
8,9,14,20,21,22
8,9,14,22
8,9,14,22
9,14,22,37
9,14,34,37
9,11,14,15,16,22
9,14,15,20,26
8,9,13,14,21,22
9,14,19,21,37
8,9,11,14,21,22,26,35
8,9,14,29
8,9,14,21,22,23,26,31,
9,14,15,20,27,
9,14,16,19,22,27,33
9,14,15,22,30,35
9,14,15,30,32
8,9,11,14,21,26,27,34
8,9,11,14,16,21,22,23,26,27,33,52
8,9,14,21,22,26,28,29,
8,9,11,14,21,22,26,50,51,
8,9,11,14,19,21,22,26
8,9,14,21,22,26,35
8,9,14,22,26,31
8,9,11,14,21,22,26,27,34
8,9,14,17,22,26
8,9,14,17,21,22,26,39,
8,9,11,14,21,22,31
9,13,14,15,19,21,22,26
2,9,14,17,37
8,9,11,14,21,22,26,29
8,9,11,13,14,16,21,22,32
9,11,14,15,22
8,9,14
8,9,11,14,16,21,26
8,9,14,21,22,32
8,9,14,21,27
8,9,14,16,19,22
9,14,15,19,22,26
8,9,11,14,20,22
8,9,11,14,19,34
8,9,14,17,21,27,50,
8,9,11,14,16,21,22,27,30,32,
9,13,14,15,21,22,29,33
8,9,11,14,16,21,22,23,26
8,9,14,17,21,22
12
8,9,13,14,19,21,22
9,11,14,15,16,22
8,9,14,26,36
9,14,37,38
8,9,11,14,22
8,9,11,14,26
9,11,14,21,22,23,31,33
8,9,14,18,22,26
8,9,11,13,14,16,21,22,23,26,32
8,9,14,21,22,26,28
8,9,12,14
8,9,11,12,14,16,22,26,28,34
8,9,14,22,38,53
8,9,14,22,53
9,14,20,22,37
8,9,14,21,53
8,9,14,22,26,35,53,
2,8,9,14,17,22,29,
8,9,14,21,22
9,14,19,21,33,45
8,9,14,21,22,
2,8,9,14,17,22,29,
8,9,14,27,32,46
8,9,14,19,22
8,9,14,16,22,26,28,53,
8,9,14,21
8,9,14,22,26,31
8,9,14,46,53
9,14,15,21,22,53
8,9,14,21,22,26,53
8,9,14,28,31
9,14,15,22,26,27,
8,9,14,16,22,23,27,53,
8,9,14,21,22,27,28,35,
35
2,8,9,14
9,11,14,21,22,23,31,33
8,9,14,21,22
9,14,22,31,37
8,9,14,16,22,26
8,9,14,16,30,53
8,9,14,19,21,22,26,28,29,31
9,14,21,26,33
8,9,14,21,22,26,53,
8,9,14,17,22,26,32
8,9,14,22,53
8,9,14,22,31
8,9,14,16,21,22,23,
8,9,14,21,22,27,30,53
2,8,9,14,21,22,26,45
9,14,15,19,22,26,32,53
9,14,21,22,31,33
8,9,14,19,26,31
9,14,15,22,26,28,32,53,
8,9,14,22,26,27,28
2,8,9,14,19,21
8,9,14
9,14,15,22,53
9,14,16,22,26,33,39,
9,14,15,22,53
8,9,14,21,22,26,31,53,
8,9,14,17,21,53
8,9,14,21,22,23,26,28
9,13,14,21,37
8,9,14,16,21,22,27,30,53,
9,14,15,21,22,26
9,14,15,22,30,53,
8,9,14,22,27,53,
9,14,15,21,22,28,53,
9,14,22,44,53
8,9,14,20,21,22,26,39,
9,13,14,15,16,26,30
8,9
8,9,14,21,22,26,27,53
8,9,14,21,22,23,43,53
9,14,26,37,53
9,14,15,20,26
8,9,14,21,22,25,29,36,
8,9,14,21,22,33,39
8,9,14,20
9,13,14,22,26,37
9,14,21,22,28,37,46,53
8,9,14,22,26,31
2,8,9,14,21,27
8,9,14,21,22,28,30
8,9,14,26,32
9,14,15,21,26,30,53
9,14,16,22,26,37
9,14,15,22,28
8,9,14,16,22,26,36
8,9,14,17
8,9,11,14,22,26,53
2,9,14,21,22,26,31,33,39,
9,14,21,22,32,36,37
9,14,15,16,21,53
8,9,13,14,20,21,22,28,53
8,9,14,16,21,22,26,28,31
9,14,15
8,9,14,20,22,26,46,53,
8,9,14,20,22,28,29,53
8,9,12,13,14,21,26,53
9,14,21,26,33,39,
8,9,14,18,21,22,26,32,53
8,9,14,21,22,28,53,
8,9,14,19,21,22,26,53,
2,8,9,14,22
9,14,15,21,22,31
8,9,14,22,27,35
9,14,22,33,34,50
8,9,14,26,27,53,
8,9,14,21,22,26,35,39,53,54
9,14,15,21
8,9,14,22,23,26,27,39,53,
9,14,19,21,22,26,37,53,
8,9,14,19,22,31
8,9,14,21,22,27,41,
8,9,14,23,26,53,
9,14,26,27,33,39
8,9,14,27,53
8,9,14,19,22,26,32
8,9,12,14,19,21,22,26,32,33
8,9,13,14,16,21,22,26,29,30,32,53
8,9,14,21,22
8,9,14,21,23,26
8,9,14,16,19,21,22
8,9,14,19,23,46,
9,14,23,33,39,
8,9,14,19,22,26,39,53
8,9,14,21,24,29,32,53
8,9,14,53
9,13,14,15,22,26,53
9,12,14,15,22,27,
8,9,14,31
9,14,15,22,45
8,9,13,14,22
9,14,19,22,37,53
9,14,26,28,30,33
8,9,14,22,26,31
9,14,15,22,32,53
9,11,13,14,15,16,22
8,9,14,16,20,22,26,53
9,12,14,15,21,26
8,9,14,21,22,27,
8,9,14,22,30,32,36
9,14,22,29,33
8,9,14,19,26,46
2,9,14,15,22
23
9,14,33
8,9,14,19,22,26,53
22
8,9,14,22,31
9,14,15,22,29
8,9,13,14,19,22
8,9,14,22,26,53,
8,9,14,16,20,26
8,9,13,14,26,30
8,9,13,14,16,22,26,36,53
8,9,14,21,22,31,32,53,
8,9,14,22,30
2,9,14,15,22,53
2,9,14,15,21,28,53
8,9,14,17,21,22,23,26,27,53
2,8,9,14,21
8,9,14,17,21,22,23,26
9,14,20,21,22,33
9,11,14,15,22,23
9,14,15,17
8,9,14,22,29
8,9,14,21,22,27,
8,9,13,14,19,20,21,22,25,26,46,
8,9,14,22,29,53
9,14,21,22,33,45
8,9,13,14,31,53
8,9,14,19,29,32,45
8,9,14,19,21,22,26,33,53
9,14,20,21,22,26,33,53,
8,9,14,21,22,23,31,39,53
9,14,15,16,22,32,53
8,9,14,22,26,46,53,
2,9,14,21,22,26,33,39,46
8,9,14,22
9,14,19,22,29,33
9,14,19,21,22,33
9,14,19,22,29,33
8,9,14,16,21,22,26,29,53
9,14,15,21,22,29,
8,9,13,14,21,22,26,27,53
8,9,13,14,15,16,21,22,29,53
8,9,14,22,27,32,46,
8,9,14,21,22,26,27,53
8,9,14,22,26,27,28
8,9,14,21,22,26,27,36
9,14,22
9,14,15,30
8,9,14,26,28,36,53
8,9,13,14,16,21,22,26
8,9,14,21,22,25,26,27,35,39,53
8,9,14,32,
8,9,14,19,21,22,26,53
8,9,14,21,22,23,28,32
8,9,14,22,53
9,13,14,15,16,22,26
2,8,9,14,21,22,26,31,45,
9,14,15,21,22
9,14,33
9,13,14,16,33,53
9,14,19,21,22,24,26,27,44
8,9,13,14,16,21,22,26,53
8,9,14,19,21,26,46
9,14,15,20,21,26,28,
2,9,14,15,16,21,22,23,26
8,9,14,21,26,27,34,35
9,14,15,22,29,53
8,9,14,21,26
8,9,14,19,20,21,22,26,53
8,9,14,22,29
8,9,14,19,21,22,31
8,9,14,21,22,26,31
8,9,14,22,53
8,9,14,22
8,9,14,16,21,22,34
8,9,14,26,53
8,9,11,14,22
9,14,15,22,26,31
8,9,13,14,21,28
8,9,14,22,26,31
9,14,19,21,22,26,44
8,9,14,20,21,22,26,30,32
2,8,9,13,14,21,26
8,9,14,19,21,22,25,29,35,53
2,8,9,14,22,26,27,46,53
8,9,14,19,21,22,35,53
8,9,14,21,22,35,53,
8,9,14,21,22
8,9,14,25,32,53,
8,9,12,14,22,26,28,35
8,9,14,21,22,26,27,31,35
8,9,14,21,22,26,29,53,
8,9,14,21,22,26,31
8,9,14,22
9,14,21,22,26,31,44
8,9,14,19,21,26,32,39
9,14,21,26,27,37,44
8,9,14,22,31,36
8,9,14,22,26,27,53
8,9,14,21,22,26,27,36,53
9,14,22,24,26,27,33,36,53,
8,9,14,19,21,22,25,53
8,9,14,16,19,21,29,30,35
8,9,14,19,21,22,23,30,43,53
2,8,9,14,27
8,9,14,21,29,
9
8,9,14,26,27,29,
8,9,13,14,22,23,29,53
8,9,14,26,27,29,
8,9,13,14,22,23,29,53
30,
9,14,21,37,46,
53
8,9,14,53
8,9,12,14,20,22,26,34
8,9,14,21,22,26
9,14,18,19,21,22,23,26,30,33,49
8,9,14,16,21,22,26,53,
8,9,14,16,22
8,9,14,26,53
8,9,14,16,21,22,26,36,53
8,9,13,14,16,22,53
9,14,15,16,22,23,30
2,8,9,14,19,21,22,23
8,9,14,16,21,22,32,53
8,9,14,21,53
9,13,14,15,22,32
8,9,14,16,21,22,26,27,32,53
8,9,13,14,26,29,
8,9,14,16,21,22,32,53,
8,9,14,22,31
8,9,13,14,16,20,21,22,23,26,46
9,14,37
9,14,20,28,31,33
9,14,15,19,21,22,26
8,9,14,17,22,53
2,8,9,14,22,26,27,33
8,9,14,22,29,
9,14,21,22,26,37,46,53
8,9,13,14,21,22,53,
9,14,22,37,53
9,14,15,31
9,14,15,21,22,31,45
8,9,13,14,16,22,26,39
9,14,15,20,26
9,14,22,27,37
8,9,13,14,19,21,22,28
8,9,12,14,22,26,39
9,11,14,15
2,8,9,14,21,22,26,29,
8,9,14,20,21,29,
8,9,14,16,21,22,26,27
8,9,14,19,21,26,34,53
8,9,14,22,26,29
8,9,14,22,29,
2,8,9,14,16,21,22,26
8,9,14,16,21,32,
8,9,14,22,23
8,9,14,22,26,27,48
8,9,14,19,21,26,27,29,32,35
9,15,23
8,9,14,22,29,31,53
8,9,14,19,21,22,26
8,9,14,22,26,31
2,8,9,14,22,53,
9,14,22,30,44
9,14,22,31,33
8,9,14,31
8,9,14,21,22,26
8,9,14,22,53
9,14,22,37,53
8,9,14,16,19,21
8,9,14,18,19,22
8,9,14,22,46,
23
8,9,12,14,22,26
8,9,14,21,22,26,53,
8,9,14,20,21,22
9,14,26,37,53
8,9,14,23,24,29,53
9,14,15,22
8,9,14,16,22
8,9,14,21,22,27,53
19
9,14,15,16,21,29
9,13,14,15,25
8,9,14,19,22,46,53
8,9,14,21,22,26,28,31
8,9,12,14,19
8,9,14,21,53
8,9,14,16
8,9,14
8,9,14,21,22,25,46
8,9,14,17,22,26
2,8,9,14
8,9,14,16,20
8,9,14,16,19,22,32,36
9,14,15,16,21,22,26,39,
8,9,14,16,21,22,26,27,28,
13,14,21,22,23,26,51,
8,9,14,22,26,29,31
8,9,14,19,21,22,31,53,
8,9,12,14,19,21,27,
9,14,21,22,27,33
8,9,14,16,19,22
8,9,14,21,22,26,27,53,
9,14,16,19,21,33
9,14,15,18,21,22,26,28,46,53
8,9,14,22,27,
8,9,14,21,22,26,29,
8,9,14,22,53,
9,14,15,22,27
8,9,14,28,53
8,9,14,16,21,31
9,14,15,22
9,14,21,22,29,37
8,9,14,19,21,22,26,27,31,32
9,13,14,15,29
8,9,14,21,22,26,29,31,53
8,9,14,22,27,53
8,9,14,21,22,27,46,53
9,13,14,22,26,27,33,
8,9,14,21,22,53
8,9,11,14,21,22
9,14,15,22,29
8,9,14,16,20,
8,9,14,19,21,26,28,29,30,
8,9,14,22,27,35,53
9,13,14,15,22,27,41,
8,9,13,14,19,22,34,39,
8,9,14,21,22,23,36,46,48,53
9,14,15,22,45
9,14,15,31
8,9,14,22
9,14,15,21,53,
8,9,14,21,22,25,30,39
8,9,14,21,29,30,32
8,9,14,21,22,26,36
8,9,14,28,
8,9,14,22,26,31
8,9,14,21,22,26,53,
8,9,14,20,22,32
9,14,37,46
8,9,14,16,21,22,
9,14,16,21,22,24,26,44
9,14,15,26,30
2,8,9,14,22,26
9,13,14,15,21,22
8,9,14,21,22,34,46
8,9,14,21,22
8,9,14,17,22,26,27,35
9,12,14,21,22,26,32,44
2,9,14,15,21,26
8,9,14,53
8,9,14,28,53
9,13,14,21,22,27,33
8,9,14,19,21,22,26,35,45,53
8,9,14,22,26,46,
8,9,14,21,22,27,35
8,9,14,16,22,26,28,53
9,14,33
8,9,14,22,45
2,8,9,14,22
8,9,14,29,
2,8,9,14
9,14,15,21,22,26,53
8,9,12,14,26,32,46,
9,14,16,26,33
53
2,8,9,14,22
8,9,13,14,21,26,27
8,9,14,22
9,14,15
9,14,15,21,22,53
8,9,14,21,22,26,53
8,9,14,20
8,9,12,14
8,9,14,21,46,
2,8,9,14,21,22,26,28,29,35
8,9,14,22,26,53
8,9,14,19,22,44,53
8,9,14,18,21,22,23,27,
9,12,14,22,27,28,33,53
8,9,14,22
8,9,14,22,23,
8,9,14,21,22,24,26,27,29,53
8,9,14,21,31
8,9,14,19,21,22,53
9,14,15,19,22,29
8,9,14,21,22,26,27
8,9,13,29,53
9,14,15,27,
8,9,14,22,26,46,53
8,9,13,14,19,22,26,27,29,46,53,
8,9,13,14,21,22,53
8,9,14,21,22,46,
8,9,14,53
8,9,14,16,22,26,53
8,9,14,22,25,26,35,53,
9,12,14,15,27
9,14,15,16
2,8,9,12,14,22,23,53
8,9,14,53
8,9,14,22,27,53
8,9,14,16,26
8,9,11,14,21,22
8,9,14,21,22,26,27,53
8,9,13,14,19,26,44
9,14,19,35,37
22
9,14,22,26,31,44
9,37
8,9,14,19,21,22,53
8,9
9,14,22,28,34,37
8,9,14,19,22
2,8,9,12,13,14,19,21,22,30,34
9,14,20,21,22,37,53
9,12,14,22,37
8,9,13,14,16,22,23,26,27,
8,9,14,19,20,21,22,26,34,53
8,9,12,14,21,22,26,39,
8,9,14,22,53,
8,9,14,20,21,26,27,51,53
8,9,14,27,53
8,9,14,21,26,45,53
8,9,14,45
9,14,22,44
9,14,15,26,46,53
8,9,14,22,26,53
14,55
8,9,14,16,21,22,26,53
8,9,14,19,21,24,32
8,9,14,22,26,29,53
8,9,14,21,22,23,24,35,53
8,9,14,19,21,22,27,53,
8,9,14,21,26,32,45
8,9,14,21,22,23,26,31,
8,9,14,22,53
8,9,14,16,21,22,26,31,34
8,9,14,22,45
8,9,14,16,21
8,9,14,16
8,9,12,14,22
8,9,12,14,22,39
9,14,15,16,21,22,26,29,
8,9,14,29,32
8,9,12,14,21,22,29,53
9,14,22,29,33
8,9,14,22,27,
8,9,12,14,20,22,32,35,36,41,52,56
2,8,9,14
8,9,14,20,22,23,27
8,9,14,17,21,22,29,53
8,9,14,22,26,27
9,14,15,22,27,28
8,9,14,20,21,22,27,39,41,52,53,56,57
8,9,14,23,26,27
8,9,13,14,16,22,27,53
9,14,15,25,28,53
9,14,16,22,26,37
2,9,13,14,22,33,53
8,9,14,21,22,26,30,53
8,9,14,20,22
8,9,14,26,31
2,9,14,15,21,22,26
8,9,14,21,22,26,28,53
8,9,12,14,53,
8,9,14,22,26
9,14,21,22,29,44
8,9,14,22,53
8,9,14,22,26
9,14,33,46,
9,13,14,19,26,33
8,9,14,21,22,26,45,53
8,9,14,21,46
8,9,14,22,25,26,30,36
8,9,14,21,22,53
9,13,14,44,53
8,9,13,14,21,22
8,9,14,21,22,32
8,9,14,16,21,22,26,53
8,9,14,20,31,53
8,9,13,14,16
9,14,15,16,26
8,9,13,14,19,22,26,53
9,14,15,16,19,21,22,26,30,53,
8,9,14,16,21,22,26,28
2,8,9,14,22
8,9,14,22,26,51
8,9,14,16,22,29,53
8,9,12,14,16,26,29,53
8,9,14,20,22,53,
9,14,15
8,9,14,22,23,26,35,39,53
8,9,14,20,22,26,30
8,9,14,16,20,22,27,
8,9,14,22,26,53,
9,13,14,16,44,53
8,9,14,19,21
8,9,13,14,21,22,26,29,35,53,
8,9,14,19,22,26,30,35,53
8,9,14,16,21,31
8,9,14,16,22,53
8,9,12,14,22,26,30,32,
8,9,12,13,14,16,21,22,23,26,27,34,53
9,14,16,22,26,27,33
9,33
8,9,12,14,19,22
9,14,21,22,25,26,29,31,33
8,9,12,14,22,23,26,30,
8,9,14,22,31
9,14,22,44
9,14,15,22
8,9,14,21,22,35,53
8,9,14,21,22,53
8,9,14,16,21,22,26,53,
9,14,15,16,20,21,28,53
8,9,14,22,26,53,
8,9,14,22,26,28,32,53,
8,9,14,21,22,31
8,9,14,21,26,45
8,9,13,14,16,19,22,26,53
8,9,14,19,21,29,
8,9,14,22,26,53
8,9,14,22
8,9,14,21,22,27
9,13,14,15,53
9,14,22,29,31,33
8,9,14,19,53
9,14,22,27,37,53
9,14,16,22,28,37
8,9,14,21,22,23,26,31
8,9,14,19,21,22,26,34
8,9,14,19,21,28
8,9,14,28,53
8,9,14,31,46
9,14,15,26,29,
8,9,14,17,21,22,26,39,53,
8,9,14,16,21,22,28,30,53
8,9,14,21,22,29,31
8,9,11,13,14,21,22,26,34
8,9,14,20,21,22,46,53,
9,14,15,16,25,34
9,14,22,26,33,51
9,14,17,21,22,37
8,9,14,19,22,46
8,9,14,16,22,28,
8,9,14,16,22,27,53
9,13,14,15,20,22,26
9,14,15,19,
9,13,14,19,21,26,37
8,9,14,17,19,22
8,9,14,22,27,31,53
9,14,21,22,26,33
8,9,14,21,22,26,53
8,9,14,19,21,22,23,26,28,35,53,
8,9,14,19,20,29,30
8,9,14,22,26,46,
9,14,15,21,26,45
8,9,12,14,21,22,30
9,14,15,19,21,30,32
8,9,14,22,29,53
1,8,9,14,16,17,21,22,26
8,9,14,19,21,22,53
8,9,14,22,26,29,32,53,
8,9,13,14,16,18,21,25,26,35,46,53
8,9,14,22,29,53
9,14,19,21,22,26,29,33
8,9,14,22,25,29,53,
9,14,15,29,
8,9,14,19,21,22,24,26,28,
8,9,12,14,20,22,23,28,41,46,53
8,9,14,16,22,26,36,53
8,9,14,22,26,46,53
8,9,13,14,22
8,9,14,22,53
8,9,14,21,22,26,30,31
8,9,14,21,30
8,9,14,22,53
9,14,16,22,33
8,9,14,22
8,9,14,20,21,22,26,53
9,14,15,22
8,9,14,16,21,22,26
9,14,44,53
2,8,9,13,14,22,26,29,33,53,
13,36
8,9,14,21,22,26,28,
8,9,12,14,26,53
8,9,14,53
8,9,14,16,21,22,28,34
9,14,15,28,
8,9,14,21,27,46,
9,14,16,37
8,9,14,19,
2,8,9,14,22,27,53
8,9,14,17,22,26
8,9,14,19,22,28
9,14,22,37
20
9,13,14,15,16,19,22,26
8,9,14,22,23,32,53,
8,9,14,22,26,32,53
9,14,15,21,28,34
8,9,14,19,21,22,26,30,
9,14,19,22,44
9,14,21,22,44
8,9,14,19,21,22,24,25,26,27
8,9,14,16,26,34,53
9,14,15,19,22,32,37
9,13,14,26,37,53
8,9,14,21,22,29,53,
8,9,14,22,26,32,53,
8,9,13,14,19,22,29,36
8,9,14,22,26,36,53,
8,9,14,21,22,26,27,31,35,
8,9,14,19,22,26,35
8,9,14,21,22,36
9,14,15,26,27,36
8,9,14,20,22,23,26,46,54
9,14,19,22,27,34,37,53,
8,9,14,21,26,35,53
8,9,14,21,22,26,27,32
8,9,14,21,39,53
8,9,13,14,21,22,26,29,36,45
14,23,
9,14,15
9,14,33
8,9,12,14,22,53
8,9,14,53
8,9,14,19,22,34,35,53
9,14,18,22,26,33
8,9,14,19,22,34,35,53
9,14,22,37
8,9,14,22,26,53
9,14,22,37
8,9,14,21,22,28
8,9,12,14,22,35,41
8,9,12,14
8,9,14,16,21,22,30
8,9,12,14,21,22,23,26,46,53
8,9,11,12,14,21,26
30,32
8,9,14,21,22,26,45
9
9,14,19,21,33
8,9,14,21,22,26,28,46
8,9,14,19,26,46,
8,9,14,20,26
9,14,15,22,29,
2,8,9,14,17,21,22,26,28,46,
8,9,14,32,53
9,14,20,21,23,26,33
8,9,14,19,22
9,14,19,21,26,37,49
8,9,14,21,31
8,9,14,22,26,27,32,53
8,9,14,22,53
8,9,12,13,14,21,28,53,
8,9,13,14,19,22,26,41,
8,9,11,14,22,28
8,9,13,14,21,22,26,27,53
19
9,14,21,22,26,27,31,33
9,14,15,16,29
19
8,9,14,16,21,22,28,53
8,9,14,21,32,53
8,9,14,21,26
9,14,15,32,53
8,9,14,16,20,
9,14,15,19,21,26
8,9,14,21,28,53
9,14,15,21,39,53
2,9,14,22,26,37
9,14,15,34,
22
8,9,14,22,26,29,31,46
2,8,9,14,21,22,39,53
8,9,14,26,27,28,41,53,
8,9,14,22,26,46,53,
8,9,14,22,26,27,
2,9,14,21,22,26,37
8,9,14,16,21,22,27,29,
2,8,9,11,13,14,19,21,22,26,27,
9,14,15,21,22,26,31,35,
13
39,
27
8,9,14,16,19,21,22,26,53
8,9,14
8,9,14,22,26
8,9,14,20,22,26,53
9,14,22,33
9,14,37
8,9,14,21,26,31,
8,9,14,21,22,39,53,
8,9,14,19,21
8,9,14
9,14,15,22,53
53
2,8,9,14
8,9,13,14,16,21,22
9,11,14,37,46
2,8,9,14,19,22
8,9,14,21,22,26,31,45,46
8,9,14,22,26,45
8,9,14,22,27
8,9,14,20,22,26,53
9,14,22,31,33
8,9,14,22,53,
9,13,14,16,22,33,50,
8,9,14,21,22,26,27,53
9,14,15,21,22,27
9,13,14,21,22,26,37
8,9,14,22,26,31
8,9,14,19,21
8,9,14,19,26,28
8,9,14,21,22,29,53
8,9,14,22,26,32,53
9,14,22,44
8,9,11,14,21,22,27,53,
2,8,9,14,21,22
8,9,12,14,19,22,26,28,53
8,9,14,21,22,26,53
8,9,14,21,22,27,53,
9,14,15,22
8,9,12,14,19,22
8,9,13,14
8,9,14,19,29,
8,9,14,22,23,25,26,30,32,
8,9,14,21,22,27,53
8,9,12,14,22,26,27,
8,9,14,22,23,26,45
8,9,14,22,31
8,9,14,21,22,53,
8,9,14,19,21,22,29,53,
8,9,14,19,21,22,26
8,9,14,22,26,27,30,32,53
2,8,9,14,19,21,46
8,9,14,20,21,22,36
9,14,15,29
2,9,14,22,26,33
8,9,12,14,21,25,26,32
8,9,14,26,27,29,
29
8,9,14,21,22,23,26,
53
8,9,14,17
8,9,14,26,46
8,9,14,22
8,9,14,21,22,26,35,45,46
8,9,14,21,22
8,9,14,17
8,9,14,22,26,46,53
8,9,14,22,32
9,14,22,33
8,9,14,20,21,22,26,30
8,9,14,19,22,35,44,53
8,9,14,20,22,53,
8,9,14,20,21,22
8,9,14,22,26,27,32,36
9,13,14,19,21,22,33,53
9,14,22,45
8,9,14,16,22,28
8,9,14,45
53
9,13,14,15,21
8,9,14,22,26,31,45
9,14,15,19,21,53
8,9,12,14,19,32
8,9,12,13,14,21,22,26,53
8,9,14,16,22,32,53
8,9,14,22,26,27,31,53
8,9,12,13,14,22,26
8,9,12,14,22,23,32
2,8,9,14,19,21,53
8,9,14,21,25,26,31,53
2,9,14,15,26
8,9,13,14,22,34
9,14,21,22,31,44
9,14,15,22
8,9,14,19,22
8,9,14,21,22,25,26,29,
8,9,14,16,19,22,26
8,9,14,22,26,46
9,14,37
8,9,14,22,45
8,9,14,30,32
8,9,14,22,27,31
8,9,14,27,46
8,9,14,16,20,21,22,26
8,9,14,16,22,24,27,53
8,9,14,19,21,26,30,32,36
8,9,14,19,21,22,29,53
9,14,15,22,53,
8,9,14,16,19,21,22
8,9,14,16,21,22,23,52,
8,9,14,21,46,53,
8,9,14,19,22,26,27,46,
8,9,14,17,21,22,26,29,39,53
9,14,15,19,22,29,53
8,9,14,22,27,
8,9,14,21,26,53
8,9,14,20
9,14,15,22,29,53
2,8,9,14,21,22,26,27,29
8,9,14,20,22,27,53
8,9,12,14,53
8,9,14,22,30,32
9,14,16,21,22,37
8,9,14,20,22,26,28,53,
9,14,16,21,37,53
9,11,14,15,21,53
8,9,14,21,22,45
8,9,13,14,16,19,20,21,22,26
8,9,14,26,31
8,9,14,19,21,22,26,46,
8,9,14,22,53,58
9,14,20,22,37
8,9,14,22,53
8,9,14,19,21,22,28,53,
8,9,14,21,53
8,9,13,14,22,53
8,9,14,19,22,26
9,14,19,21,22,26,28,44
9,14,21,25,26,28
9,14,16,21,22,26,44,53
8,9,14,21,22,26,28,35,39,53,
8,9,14,22
9,14,21,27,37
8,9,12,14,20,22,26,53
9,12,13,14,15,21,22,53
8,9,11,13,14,20,21,22,26,53
9,14,21,22,26,31,34,44,53
9,14,15,28
9,11,14,21,22,44,53
8,9,14,19,21,22,26,45,48
8,9,14,16,21,22,53
8,9,17,28
8,9,14,19,21,22,26
8,9,14,21,22,29,35,45
8,9,14,21,22,23,53
2,8,9,14,21,22
9,14,15,20,26
8,9,14,19,21,26
8,9,14,22,53,
9,14,15,22,31
8,9,14,22,26,31
8,9,13,14,19,21,26,27,
8,9,11,14,21,22,24,26,29,31,35,45
8,9,14,20,22
8,9,14,21,31
9,14,15,22,23,39,53,
8,9,14,21,22,45
8,9,13,14,21,28
9,14,22,27,31,37
8,9,14,19,22,29,
27
8,9,14,21,22,26,27,35
9,14,22,29,59
8,9,12,14,46
9,12,14,22,37
8,9,14,31
9,14,21,22,26,44,53
8,9,14,20,21,22,26,53
53
9,14,22,37
2,9,14,22,31,33
9,14,15,21,53
9,14,15,21,22,26,53
9,14,22,37
9,13,14,22,27,33,53,
8,9,14,20,23,26
8,9,14,16,22,26,39,53
9,14,33,36,53,
8,9,14,19,26,53
9,12,14,15,21,22,26,53
9,14,22,33
9,14,15,20,22
20,
8,9,14,21,31
14,15
9,14,15,22,31
8,9,12,14,21,22,27,35
8,9,14,21,22,31,32,53,
8,9,14,19,22
9,14,15,22,26,30,
9,14,15,21,28,53
8,9,14,16,21,22,26,27,28,31,53
8,9,14,22,27,
2,8,9,13,14,16,19,34
9,14,21,22,26,37,53,
8,9,14,19,21,22,26
9,14,26,44,53
8,9,12,14,21,22,26,27,29
8,9,14,19,21,22,25,26
8,9,13,14,22
8,9,14,17,19,22,25,
9,14,22,29,44,45
9,14,15,17,21,22
8,9,14,26,29,
8,9,14,21,22,27,29,45,53,60
9,14,21,22,26,29,33,36,53
8,9,14,26,46,
8,9,11,14,16,22,23,27,29,
8,9,12,14,22,25,27,46,53,
8,9,14,19,21
8,9,12,14,21,22,26,29,53
8,9,14,20,22,26,29,53
9,14,15,19,34
8,9,13,14,17,22,26,29,
8,9,13,14,22,26,27,53
9,11,14,15,20,32
8,9,14,17,21,22,26,29,35,60,
9,14,15,16,20,22,26,28,53
8,9,13,14,20,59
8,9,14,22,34,53
9,13,14,22,37,53
8,9,14,21,22,26
8,9,14,22,53,59
8,9,14,22,53
8,9,14,29,
8,9,12,14,22,46,53,
8,9,12,14,22,26,28,53
8,9,14,21,22,35,53
8,9,14,21,22,53
8,9,14,22,53
8,9,14,16,22,26,27,28,46,53,
8,9,14,19,22,24,26,53
8,9
9,14,19,22,35,37
9,12,14,22,27,32,33
9,14,15,27,
8,9,14,16,28,36,53
9,13,14,15,53
8,9,14,19,22,30,53
9,14,15,16,22,26,32,
8,9,14,32,53
8,9,14,22,26,46,53
8,9,14,19,21,22,26,35,
8,9,14
17
8,9,14,16,19,21,22,26
9,14,15,16,21,27,37
9,14,15,19
8,9,14,45
8,9,14,21,22,26,27,53
9,14,21,22,37
9,14,15,16,21,26
8,9,14,19,22,59
8,9,14,27,51
20
2,9,14,15,21,22
8,9,14,22,27,53,
8,9,14,21,22,26,27,46,
8,9,14,17,22,53,61
9,14,15,21,26,29,31,53
9,14,22,37
8,9,14,22,27,53
8,9,14,26,31,53
9,13,14,15,22,27
8,9,14,27,
9,12,14,15,22
8,9,14,19,22
11
8,9,13,14,22,28,53,
9,14,21,22,37,46
8,9,14,39,53
9,14,19,37
9,14,22,26,37,39,
8,9,12,14,21
8,9,14,21,22,26,32,53
8,9,12,13,14,22
8,9,14,20,21,22,26,53
8,9,14,21,22,26,31
9,14,21,22,26,37,53
8,9,12,14,20,22,26,46,
8,9,14,22,26,53
8,9,14,21,22,23,47,62
8,9,14,22,25,26
8,9,14,26,45
2,8,9,14,22
9,14,19,22,33
8,9,14,16
8,9,14,29
8,9,12,14,26,36
8,9,14,19,21,22,26,31
8,9,14,21,22,23,24,26,28,41,46,53,
63
9,14,21,22,44,46
9,13,14,16,21,22,26,27,33
11
9,14,15,16,22
9,14,20,26,37,44,53
20
2,9,14,19,25,26,33,46
9,14,16,22,26,32,33,46
2,8,9,14,21,22,26,53
8,9,14,22,26,32
8,9,13,14,15,22
8,9,14,16,21,22,53
8,9,14,22,53,
8,9,14,20,22,23,
2,8,9,14,21,22,26
9,14,22,26,31,37
8,9,14,22,53
8,9,14,22,26,32,53
9,14,37
9,14,16,21,22,26,37,53
8,9,14,34,53,
9,14,19,21,22,33,53
9,14,20,22,37
8,9,13,14,16,21,22,26,30,53
9,14,15,22,27,35
9,14,22,37
8,9,14,16,19,21,22,26,32,53
8,9,14,19,21,26,53
8,9,14,19,21,22,53,
8,9,14,22,26,53
8,9,14,21,22,26,31
8,9,14,17
8,9,13,14,22,53
8,9,11,14,22,30,32,53
9,14,15,22,46
8,9,23
8,9,14,19,29,53
8,9,14,21,22,26,53,64,65
53
8,9,14,20,22,26,53
8,9,14,20,22,53
8,9,14,16,21,22,26,53
8,9,14,22,26,53,59
8,9,14,16,20,22,26,34,53,
9,14,19,22,26,35,37
9,14,15
9,14,15,22,59
2,9,14,15,19,21,22,26
8,9,13,14,16,22,53,66
8,9,14,17,19,21,22,53,66
8,9,13,14,22,27
8,9,14,19,22
8,9,14,21,22,26,27,
8,9,14,21,22,53
8,9,14,19,21,22,29,
8,9,14,21,22,26,46,
8,9,14,21,22,31,53
9,14,21,22,31,33
8,9,14,21,22,46,53,54
8,9,14,21,22,53
9,14,15,19,22,26
8,9,14,22,26,53
8,9,14,21,22
8,9,14,17,22,26,31
8,9,14,31,45
9,14,15,16,30,32
9,14,15,21,22,32,53
8,9,14,22,27,35,45
9,12,13,14,15,22
8,9,14,22,26,53
8,9,14,21,22,30,32,35
8,9,14,21,22,31,53
8,9,14,16,26,28
8,9,14,16,21,22,28,
8,9,14,21,22,26,27,29,35,53
8,9,14,16,22,27,
2,9,14,22,23,32,33
8,9,13,14,26,51,53,
8,9,14,21,22,26,27,
8,9,14,22,26,46,53,
9,14,15,20,22,25,34,59,
8,9,14,22,29,32,51,53,
8,9,14,22,29,53
53
8,9,13,14,21,22,27,29,
9,14,15,16,22,29,
8,9,14,21,22,26,45,53,59
9,14,22,26,37,53
8,9,14,21,22,26,28,36,53
8,9,14,22
8,9,14,21,22,25,26,30,
8,9,13,14,20,21,22,25,26,45
9,14,22,37
8,9,14,21,26,27
8,9,13,14,21,22,27,53
9,14,22,37,53,
8,9,14,21,22,26,31,59
8,9,14,21,22,32,67
8,9,14,21,22,26,53
8,9,14,21,22,26
53
9,14,15,21,22,28,
8,9,13,14,21,26,53
9,12,14,21,22,33,54,
9,13,14,15,16,21,22
2,8,9,14,17,22,26,46,53
9,14,15,21,22,26
9,14,21,22,32,37
9,14,15,16,19,22
9,12,14,15,21,22,26,59
9,14,21,22,27,37,43
9,14,15,22
8,9,14,22,26,30
8,9,14,21,22,27,32,37
8,9,14,22,26,32
8,9,14,17,19,21,22
9,14,15,21,22,24,26,31
9,14,22,26,37
2,8,9,14,21,26
9,14,15,19,22,
8,9,14,16,21,26,34,39
8,9,13,14,22,30,36
9,14,15,22,45
9,14,22,37,38
8,9,14,53
9,14,15,22,26,31
8,9,14,22,53
8,9,14,22
8,9,14,22,27,53
8,9,14,19,22,32,34
8,9,14,22,37
8,9,14,21,22,28,30,53,
8,9,14,22,27,29,30,36,53
8,9,14,21,22,53
8,9,14,19,21,53
22
8,9,14,19,22,26
9,14
9,14,21,22,24,26,36,44,53,59
9,14,15,28,39
9,14,21,22,26,27,29,44,53
9,14,16,21,22,26,27,32,37,53
28
9,14,23,33,39
8,9,14,16,29,53
8,9,14,19,21,22,26,27,53
8,9,14,22,29,
8,9,14,22,53
8,9,10,12,14,21,22,27,
9,13,14,37,53
8,9,14,17,26
9,14,22,26,31,44
62,
9,14,26,37
8,9,12,13,14,21,22
62,
8,9,14,22,23,26,32
8,9,14,19,21,22
8,9,12,14,22,26
8,9,14,19,21,22,24
8,9,14,21,22,26
8,9,14,21,22,26,32
8,9,14,21,22,26,32,53,
8,9,13,14,21,22,53
8,9,14,22,26
8,9,14,21,22,53
8,9,14
8,9,14,20,21,26
9,14,15,22
9,14,15,21,22,26,35,53
28
8,9,14,21,22,66
8,9,14,31,53
8,9,14,16,53
8,9,14,16,21,26,53,
8,9,13,14,22,26,32
8,9,14,26,29,34,53
9,14,21,22,37
8,9,14,20,27,32,33
9,14,21,22,25,26,37
2,8,9,14,18,21,22,26,27,36
8,9,13,14,16,22,26,53
8,9,14,21,22,29,46
8,9,14,21,22
8,9,14,22,23,30
8,9,14,20,21,22,25,26
9,14,22,30,33,36
9,14,15,22
8,9,14,21,22,26
8,9,14,21,22,26,27
8,9,14,22,27,53,
2,8,9,14,16,21,22,26,29
8,9,14,22,28,53
8,9,14,22,27,53
8,9,14,16,19,22,26,36
8,9,11,14,21,22,26,27,
9,14,15,21,23,24
53
9,14,22,27,28,44
8,9,14,22,26,27,29,36
53
8,9,13,14,22,29,30
29
8,9,14,27
8,9,12,13,14,16,26,30,32,53
9,14,15,16,36
9,14,15,53
8,9,14,22,29,45
8,9,14,19,22,29,53
8,9,14,22,26,59,
9,14,16,21,22,27,33
8,9,14,22,27
31
9,12,14,37,53
9,13,14,15,22
8,9,12,14,22
8,9,14,22,26
2,8,9,14,22,26,59
9,13,14,15,32
8,9,13,14,16
9,13,14,15,22,26,53
8,9,12,14,21,22,26,36
9,14,15,22,28
8,9,14,21,22,27,53
8,9,14,22,31
8,9,14,22,53
8,9,13,14,21,22,26,31,59
59
59
9,14,15
8,9,12,14,21,53
8,9,13,14,19,22,66
8,9,14,22,30,53,
9,14,22,26,37,53
2,8,9,14,21,22,26,32
8,9,14,22,26,29,34
8,9,14,20,26
9,14,16,19,28,37
8,9,12,14,22,53,
8,9,14,25,30
20
8,9,14,21,22,29,45,53
8,9,14,26
8,9,14,22,27
8,9,14,16,21
8,9,14,19,22,26,35
9,14,15,39,53
9,14,15,16,22,32,36
8,9,14,21,22,53
8,9,14,21,22,31,
8,9,14,22
9,14,15,22,26,46,
8,9,14,22,26,29,
8,9,14,22,29
8,9,14,29,
8,9,13,14,22,26,27,59
9,14,33,45
9,14,20,21,22,26,37
8,9,14,16,22,28,66
8,9,14,32,53
8,9,14,22,23,26,32,34
9,14,21,37,53
9,14,15,16,27
9,14,15,22,26,53
9,14,21,22,27,33
9,14,15,26
8,9,14,21,22,32,53
8,9,13,14,16,21,22,28,53
9,14,15,20,22,26,46,53,
9,14,15,22,53
8,9,14,19,21,22,53
9,14,22,33,53,
8,9,14,17,19,22,26
9,14,15,19,26,53
9,14,19,22,26,29,33,34,35,36
8,9,14,19,21,22,26,53
8,9,14,19,21,22,53,
29
8,9,14,22,39,53
8,9,14,19,21,22,26,29,53,
8,9,14,21,24
8,9,14,19,21,22,26
8,9,14,20,22,26
8,9,14,16,21,22,26
9,14,15,19,21,22
8,9,14,22,26,27,32,35,41,46,53,68
8,9,14,16,21,26,34
8,9,14,19,21,22,26,29,53,
8,9,14,20,22,23,
2,9,14,21,22,27,33
9,14,22,29,44
27
9,14,15,16,25,32,
8,9,14,27,29,32
9,14,22,27,32
8,9,14,16,22,25,26,53,
8,9,14,36,
8,9,14,22,24,26
9,14,15,22,53
8,9,14,22,26,28,53,
8,9,14,22,46,53
8,9,29,
8,9,14,22,29,
8,9,13,14,16
9,12,15,23,59,
14,22,26
8,9,14,21,22,23,26,28,53
9,14,15,22,26,27,
8,9,14,26,27,34
